
Current theta : [ 1.25761 , -1.75595 , 0.975537 ] 


t	x[0]	x[1]	P	theta[0]	theta[1]	theta[2]
0	0.99	-0.979864	1.39292	1.39292	1.25761	-1.75595	0.975537
1	0.980201	-0.960113	1.37208	2.76501	1.25761	-1.75595	0.975537
2	0.9706	-0.940738	1.35168	4.11669	1.25761	-1.75595	0.975537
3	0.961193	-0.921732	1.33172	5.44841	1.25761	-1.75595	0.975537
4	0.951976	-0.903088	1.31218	6.76059	1.25761	-1.75595	0.975537
5	0.942945	-0.884798	1.29306	8.05366	1.25761	-1.75595	0.975537
6	0.934097	-0.866856	1.27435	9.32801	1.25761	-1.75595	0.975537
7	0.925428	-0.849255	1.25605	10.5841	1.25761	-1.75595	0.975537
8	0.916936	-0.831989	1.23813	11.8222	1.25761	-1.75595	0.975537
9	0.908616	-0.81505	1.22061	13.0428	1.25761	-1.75595	0.975537
10	0.900465	-0.798432	1.20347	14.2463	1.25761	-1.75595	0.975537
11	0.892481	-0.782129	1.1867	15.433	1.25761	-1.75595	0.975537
12	0.88466	-0.766135	1.17029	16.6033	1.25761	-1.75595	0.975537
13	0.876998	-0.750444	1.15425	17.7575	1.25761	-1.75595	0.975537
14	0.869494	-0.735049	1.13856	18.8961	1.25761	-1.75595	0.975537
15	0.862143	-0.719946	1.12322	20.0193	1.25761	-1.75595	0.975537
16	0.854944	-0.705128	1.10821	21.1275	1.25761	-1.75595	0.975537
17	0.847893	-0.690591	1.09354	22.221	1.25761	-1.75595	0.975537
18	0.840987	-0.676327	1.0792	23.3002	1.25761	-1.75595	0.975537
19	0.834223	-0.662333	1.06518	24.3654	1.25761	-1.75595	0.975537
20	0.8276	-0.648603	1.05148	25.4169	1.25761	-1.75595	0.975537
21	0.821114	-0.635132	1.03809	26.455	1.25761	-1.75595	0.975537
22	0.814763	-0.621915	1.025	27.48	1.25761	-1.75595	0.975537
23	0.808544	-0.608947	1.0122	28.4922	1.25761	-1.75595	0.975537
24	0.802454	-0.596222	0.999707	29.4919	1.25761	-1.75595	0.975537
25	0.796492	-0.583738	0.987496	30.4794	1.25761	-1.75595	0.975537
26	0.790654	-0.571488	0.975568	31.455	1.25761	-1.75595	0.975537
27	0.78494	-0.559468	0.963917	32.4189	1.25761	-1.75595	0.975537
28	0.779345	-0.547675	0.952537	33.3714	1.25761	-1.75595	0.975537
29	0.773868	-0.536103	0.941423	34.3128	1.25761	-1.75595	0.975537
30	0.768507	-0.524748	0.930572	35.2434	1.25761	-1.75595	0.975537
31	0.76326	-0.513607	0.919977	36.1634	1.25761	-1.75595	0.975537
32	0.758124	-0.502674	0.909633	37.073	1.25761	-1.75595	0.975537
33	0.753097	-0.491947	0.899537	37.9726	1.25761	-1.75595	0.975537
34	0.748177	-0.48142	0.889682	38.8622	1.25761	-1.75595	0.975537
35	0.743363	-0.471091	0.880066	39.7423	1.25761	-1.75595	0.975537
36	0.738652	-0.460956	0.870682	40.613	1.25761	-1.75595	0.975537
37	0.734043	-0.45101	0.861527	41.4745	1.25761	-1.75595	0.975537
38	0.729533	-0.44125	0.852596	42.3271	1.25761	-1.75595	0.975537
39	0.72512	-0.431673	0.843884	43.171	1.25761	-1.75595	0.975537
40	0.720803	-0.422275	0.835388	44.0064	1.25761	-1.75595	0.975537
41	0.716581	-0.413053	0.827104	44.8335	1.25761	-1.75595	0.975537
42	0.71245	-0.404003	0.819026	45.6525	1.25761	-1.75595	0.975537
43	0.70841	-0.395122	0.811151	46.4637	1.25761	-1.75595	0.975537
44	0.704459	-0.386408	0.803476	47.2671	1.25761	-1.75595	0.975537
45	0.700595	-0.377855	0.795995	48.0631	1.25761	-1.75595	0.975537
46	0.696816	-0.369462	0.788705	48.8518	1.25761	-1.75595	0.975537
47	0.693122	-0.361226	0.781602	49.6334	1.25761	-1.75595	0.975537
48	0.689509	-0.353144	0.774683	50.4081	1.25761	-1.75595	0.975537
49	0.685978	-0.345212	0.767943	51.1761	1.25761	-1.75595	0.975537
50	0.682526	-0.337428	0.761379	51.9374	1.25761	-1.75595	0.975537
51	0.679151	-0.329788	0.754988	52.6924	1.25761	-1.75595	0.975537
52	0.675854	-0.322291	0.748765	53.4412	1.25761	-1.75595	0.975537
53	0.672631	-0.314934	0.742708	54.1839	1.25761	-1.75595	0.975537
54	0.669481	-0.307713	0.736812	54.9207	1.25761	-1.75595	0.975537
55	0.666404	-0.300627	0.731075	55.6518	1.25761	-1.75595	0.975537
56	0.663398	-0.293672	0.725493	56.3773	1.25761	-1.75595	0.975537
57	0.660461	-0.286846	0.720062	57.0973	1.25761	-1.75595	0.975537
58	0.657593	-0.280148	0.71478	57.8121	1.25761	-1.75595	0.975537
59	0.654791	-0.273573	0.709643	58.5218	1.25761	-1.75595	0.975537
60	0.652056	-0.267121	0.704649	59.2264	1.25761	-1.75595	0.975537
61	0.649384	-0.260788	0.699793	59.9262	1.25761	-1.75595	0.975537
62	0.646776	-0.254573	0.695073	60.6213	1.25761	-1.75595	0.975537
63	0.644231	-0.248473	0.690487	61.3118	1.25761	-1.75595	0.975537
64	0.641746	-0.242485	0.68603	61.9978	1.25761	-1.75595	0.975537
65	0.639321	-0.236609	0.6817	62.6795	1.25761	-1.75595	0.975537
66	0.636955	-0.230842	0.677495	63.357	1.25761	-1.75595	0.975537
67	0.634647	-0.225181	0.673411	64.0304	1.25761	-1.75595	0.975537
68	0.632395	-0.219625	0.669446	64.6999	1.25761	-1.75595	0.975537
69	0.630199	-0.214171	0.665597	65.3655	1.25761	-1.75595	0.975537
70	0.628057	-0.208819	0.661862	66.0273	1.25761	-1.75595	0.975537
71	0.625969	-0.203565	0.658237	66.6856	1.25761	-1.75595	0.975537
72	0.623933	-0.198408	0.65472	67.3403	1.25761	-1.75595	0.975537
73	0.621949	-0.193347	0.651309	67.9916	1.25761	-1.75595	0.975537
74	0.620015	-0.188378	0.648001	68.6396	1.25761	-1.75595	0.975537
75	0.618132	-0.183502	0.644794	69.2844	1.25761	-1.75595	0.975537
76	0.616297	-0.178715	0.641686	69.9261	1.25761	-1.75595	0.975537
77	0.61451	-0.174016	0.638673	70.5647	1.25761	-1.75595	0.975537
78	0.612769	-0.169404	0.635755	71.2005	1.25761	-1.75595	0.975537
79	0.611075	-0.164876	0.632928	71.8334	1.25761	-1.75595	0.975537
80	0.609427	-0.160432	0.63019	72.4636	1.25761	-1.75595	0.975537
81	0.607822	-0.15607	0.627539	73.0911	1.25761	-1.75595	0.975537
82	0.606262	-0.151788	0.624974	73.7161	1.25761	-1.75595	0.975537
83	0.604744	-0.147584	0.622492	74.3386	1.25761	-1.75595	0.975537
84	0.603268	-0.143458	0.62009	74.9587	1.25761	-1.75595	0.975537
85	0.601833	-0.139407	0.617768	75.5765	1.25761	-1.75595	0.975537
86	0.600439	-0.13543	0.615523	76.192	1.25761	-1.75595	0.975537
87	0.599085	-0.131526	0.613353	76.8053	1.25761	-1.75595	0.975537
88	0.59777	-0.127694	0.611256	77.4166	1.25761	-1.75595	0.975537
89	0.596493	-0.123932	0.609231	78.0258	1.25761	-1.75595	0.975537
90	0.595253	-0.120239	0.607276	78.6331	1.25761	-1.75595	0.975537
91	0.594051	-0.116613	0.605388	79.2385	1.25761	-1.75595	0.975537
92	0.592885	-0.113053	0.603567	79.8421	1.25761	-1.75595	0.975537
93	0.591754	-0.109559	0.601811	80.4439	1.25761	-1.75595	0.975537
94	0.590659	-0.106128	0.600117	81.044	1.25761	-1.75595	0.975537
95	0.589597	-0.10276	0.598485	81.6425	1.25761	-1.75595	0.975537
96	0.58857	-0.0994529	0.596913	82.2394	1.25761	-1.75595	0.975537
97	0.587575	-0.0962062	0.595399	82.8348	1.25761	-1.75595	0.975537
98	0.586613	-0.0930186	0.593942	83.4287	1.25761	-1.75595	0.975537
99	0.585683	-0.089889	0.592541	84.0213	1.25761	-1.75595	0.975537


t	x[0]	x[1]	P	theta[0]	theta[1]	theta[2]
0	0.99	-0.979854	1.39292	1.39292	1.25861	-1.75595	0.975537
1	0.980201	-0.960093	1.37207	2.76498	1.25861	-1.75595	0.975537
2	0.970601	-0.940709	1.35166	4.11665	1.25861	-1.75595	0.975537
3	0.961193	-0.921693	1.33169	5.44834	1.25861	-1.75595	0.975537
4	0.951977	-0.90304	1.31215	6.7605	1.25861	-1.75595	0.975537
5	0.942946	-0.884742	1.29303	8.05352	1.25861	-1.75595	0.975537
6	0.934099	-0.866792	1.27431	9.32783	1.25861	-1.75595	0.975537
7	0.925431	-0.849183	1.256	10.5838	1.25861	-1.75595	0.975537
8	0.916939	-0.831908	1.23808	11.8219	1.25861	-1.75595	0.975537
9	0.90862	-0.814961	1.22055	13.0425	1.25861	-1.75595	0.975537
10	0.90047	-0.798336	1.20341	14.2459	1.25861	-1.75595	0.975537
11	0.892487	-0.782026	1.18663	15.4325	1.25861	-1.75595	0.975537
12	0.884667	-0.766024	1.17023	16.6027	1.25861	-1.75595	0.975537
13	0.877006	-0.750326	1.15418	17.7569	1.25861	-1.75595	0.975537
14	0.869503	-0.734925	1.13849	18.8954	1.25861	-1.75595	0.975537
15	0.862154	-0.719816	1.12314	20.0185	1.25861	-1.75595	0.975537
16	0.854956	-0.704991	1.10813	21.1267	1.25861	-1.75595	0.975537
17	0.847906	-0.690448	1.09346	22.2201	1.25861	-1.75595	0.975537
18	0.841001	-0.676178	1.07912	23.2993	1.25861	-1.75595	0.975537
19	0.83424	-0.662178	1.0651	24.3644	1.25861	-1.75595	0.975537
20	0.827618	-0.648443	1.05139	25.4157	1.25861	-1.75595	0.975537
21	0.821133	-0.634966	1.038	26.4537	1.25861	-1.75595	0.975537
22	0.814784	-0.621743	1.02491	27.4787	1.25861	-1.75595	0.975537
23	0.808566	-0.60877	1.01212	28.4908	1.25861	-1.75595	0.975537
24	0.802479	-0.596041	0.999618	29.4904	1.25861	-1.75595	0.975537
25	0.796518	-0.583551	0.987407	30.4778	1.25861	-1.75595	0.975537
26	0.790683	-0.571296	0.975479	31.4533	1.25861	-1.75595	0.975537
27	0.78497	-0.559272	0.963827	32.4171	1.25861	-1.75595	0.975537
28	0.779377	-0.547474	0.952448	33.3696	1.25861	-1.75595	0.975537
29	0.773902	-0.535898	0.941335	34.3109	1.25861	-1.75595	0.975537
30	0.768543	-0.524539	0.930484	35.2414	1.25861	-1.75595	0.975537
31	0.763298	-0.513393	0.919889	36.1613	1.25861	-1.75595	0.975537
32	0.758164	-0.502457	0.909547	37.0708	1.25861	-1.75595	0.975537
33	0.753139	-0.491725	0.899451	37.9703	1.25861	-1.75595	0.975537
34	0.748222	-0.481195	0.889598	38.8599	1.25861	-1.75595	0.975537
35	0.74341	-0.470862	0.879983	39.7398	1.25861	-1.75595	0.975537
36	0.738702	-0.460723	0.870601	40.6104	1.25861	-1.75595	0.975537
37	0.734094	-0.450774	0.861447	41.4719	1.25861	-1.75595	0.975537
38	0.729587	-0.441011	0.852518	42.3244	1.25861	-1.75595	0.975537
39	0.725176	-0.431431	0.843809	43.1682	1.25861	-1.75595	0.975537
40	0.720862	-0.42203	0.835315	44.0035	1.25861	-1.75595	0.975537
41	0.716642	-0.412804	0.827033	44.8306	1.25861	-1.75595	0.975537
42	0.712514	-0.403751	0.818957	45.6495	1.25861	-1.75595	0.975537
43	0.708476	-0.394868	0.811085	46.4606	1.25861	-1.75595	0.975537
44	0.704528	-0.38615	0.803412	47.264	1.25861	-1.75595	0.975537
45	0.700666	-0.377595	0.795934	48.0599	1.25861	-1.75595	0.975537
46	0.69689	-0.3692	0.788647	48.8486	1.25861	-1.75595	0.975537
47	0.693198	-0.360961	0.781547	49.6301	1.25861	-1.75595	0.975537
48	0.689589	-0.352876	0.774631	50.4048	1.25861	-1.75595	0.975537
49	0.68606	-0.344941	0.767895	51.1727	1.25861	-1.75595	0.975537
50	0.68261	-0.337155	0.761334	51.934	1.25861	-1.75595	0.975537
51	0.679239	-0.329513	0.754947	52.689	1.25861	-1.75595	0.975537
52	0.675944	-0.322014	0.748727	53.4377	1.25861	-1.75595	0.975537
53	0.672724	-0.314654	0.742674	54.1804	1.25861	-1.75595	0.975537
54	0.669577	-0.307431	0.736782	54.9171	1.25861	-1.75595	0.975537
55	0.666503	-0.300343	0.731048	55.6482	1.25861	-1.75595	0.975537
56	0.663499	-0.293386	0.72547	56.3737	1.25861	-1.75595	0.975537
57	0.660565	-0.286559	0.720043	57.0937	1.25861	-1.75595	0.975537
58	0.6577	-0.279858	0.714765	57.8085	1.25861	-1.75595	0.975537
59	0.654901	-0.273282	0.709633	58.5181	1.25861	-1.75595	0.975537
60	0.652168	-0.266828	0.704642	59.2227	1.25861	-1.75595	0.975537
61	0.6495	-0.260493	0.699791	59.9225	1.25861	-1.75595	0.975537
62	0.646895	-0.254276	0.695075	60.6176	1.25861	-1.75595	0.975537
63	0.644352	-0.248175	0.690493	61.3081	1.25861	-1.75595	0.975537
64	0.641871	-0.242186	0.686041	61.9941	1.25861	-1.75595	0.975537
65	0.639449	-0.236308	0.681716	62.6759	1.25861	-1.75595	0.975537
66	0.637086	-0.230539	0.677515	63.3534	1.25861	-1.75595	0.975537
67	0.63478	-0.224877	0.673436	64.0268	1.25861	-1.75595	0.975537
68	0.632532	-0.219319	0.669475	64.6963	1.25861	-1.75595	0.975537
69	0.630338	-0.213865	0.665631	65.3619	1.25861	-1.75595	0.975537
70	0.6282	-0.208511	0.6619	66.0238	1.25861	-1.75595	0.975537
71	0.626115	-0.203255	0.65828	66.6821	1.25861	-1.75595	0.975537
72	0.624082	-0.198097	0.654768	67.3369	1.25861	-1.75595	0.975537
73	0.622101	-0.193035	0.651362	67.9882	1.25861	-1.75595	0.975537
74	0.620171	-0.188065	0.648059	68.6363	1.25861	-1.75595	0.975537
75	0.61829	-0.183187	0.644857	69.2811	1.25861	-1.75595	0.975537
76	0.616458	-0.178399	0.641753	69.9229	1.25861	-1.75595	0.975537
77	0.614674	-0.173699	0.638746	70.5616	1.25861	-1.75595	0.975537
78	0.612937	-0.169086	0.635832	71.1975	1.25861	-1.75595	0.975537
79	0.611246	-0.164558	0.63301	71.8305	1.25861	-1.75595	0.975537
80	0.609601	-0.160113	0.630277	72.4608	1.25861	-1.75595	0.975537
81	0.608	-0.155749	0.627632	73.0884	1.25861	-1.75595	0.975537
82	0.606442	-0.151466	0.625071	73.7135	1.25861	-1.75595	0.975537
83	0.604928	-0.147261	0.622594	74.336	1.25861	-1.75595	0.975537
84	0.603455	-0.143134	0.620198	74.9562	1.25861	-1.75595	0.975537
85	0.602024	-0.139082	0.61788	75.5741	1.25861	-1.75595	0.975537
86	0.600633	-0.135105	0.61564	76.1898	1.25861	-1.75595	0.975537
87	0.599282	-0.1312	0.613475	76.8032	1.25861	-1.75595	0.975537
88	0.59797	-0.127367	0.611384	77.4146	1.25861	-1.75595	0.975537
89	0.596696	-0.123604	0.609364	78.024	1.25861	-1.75595	0.975537
90	0.59546	-0.11991	0.607413	78.6314	1.25861	-1.75595	0.975537
91	0.594261	-0.116284	0.605531	79.2369	1.25861	-1.75595	0.975537
92	0.593098	-0.112723	0.603715	79.8407	1.25861	-1.75595	0.975537
93	0.591971	-0.109228	0.601964	80.4426	1.25861	-1.75595	0.975537
94	0.590879	-0.105797	0.600275	81.0429	1.25861	-1.75595	0.975537
95	0.589821	-0.102428	0.598648	81.6415	1.25861	-1.75595	0.975537
96	0.588796	-0.0991199	0.597081	82.2386	1.25861	-1.75595	0.975537
97	0.587805	-0.0958726	0.595572	82.8342	1.25861	-1.75595	0.975537
98	0.586846	-0.0926843	0.59412	83.4283	1.25861	-1.75595	0.975537
99	0.58592	-0.089554	0.592724	84.021	1.25861	-1.75595	0.975537


t	x[0]	x[1]	P	theta[0]	theta[1]	theta[2]
0	0.99	-0.979874	1.39293	1.39293	1.25761	-1.75495	0.975537
1	0.980201	-0.960132	1.3721	2.76503	1.25761	-1.75495	0.975537
2	0.9706	-0.940767	1.3517	4.11673	1.25761	-1.75495	0.975537
3	0.961192	-0.92177	1.33175	5.44848	1.25761	-1.75495	0.975537
4	0.951975	-0.903134	1.31221	6.76069	1.25761	-1.75495	0.975537
5	0.942943	-0.884853	1.2931	8.05379	1.25761	-1.75495	0.975537
6	0.934095	-0.866919	1.27439	9.32819	1.25761	-1.75495	0.975537
7	0.925426	-0.849325	1.25609	10.5843	1.25761	-1.75495	0.975537
8	0.916932	-0.832066	1.23818	11.8225	1.25761	-1.75495	0.975537
9	0.908612	-0.815134	1.22066	13.0431	1.25761	-1.75495	0.975537
10	0.90046	-0.798523	1.20352	14.2466	1.25761	-1.75495	0.975537
11	0.892475	-0.782226	1.18676	15.4334	1.25761	-1.75495	0.975537
12	0.884653	-0.766238	1.17036	16.6038	1.25761	-1.75495	0.975537
13	0.87699	-0.750553	1.15431	17.7581	1.25761	-1.75495	0.975537
14	0.869485	-0.735164	1.13863	18.8967	1.25761	-1.75495	0.975537
15	0.862133	-0.720067	1.12329	20.02	1.25761	-1.75495	0.975537
16	0.854933	-0.705254	1.10828	21.1283	1.25761	-1.75495	0.975537
17	0.84788	-0.690721	1.09362	22.2219	1.25761	-1.75495	0.975537
18	0.840973	-0.676463	1.07928	23.3012	1.25761	-1.75495	0.975537
19	0.834208	-0.662473	1.06526	24.3664	1.25761	-1.75495	0.975537
20	0.827583	-0.648747	1.05155	25.418	1.25761	-1.75495	0.975537
21	0.821096	-0.63528	1.03816	26.4561	1.25761	-1.75495	0.975537
22	0.814743	-0.622066	1.02507	27.4812	1.25761	-1.75495	0.975537
23	0.808523	-0.609102	1.01228	28.4935	1.25761	-1.75495	0.975537
24	0.802431	-0.596381	0.999783	29.4933	1.25761	-1.75495	0.975537
25	0.796468	-0.5839	0.987573	30.4808	1.25761	-1.75495	0.975537
26	0.790629	-0.571653	0.975644	31.4565	1.25761	-1.75495	0.975537
27	0.784912	-0.559636	0.963992	32.4205	1.25761	-1.75495	0.975537
28	0.779316	-0.547845	0.952611	33.3731	1.25761	-1.75495	0.975537
29	0.773837	-0.536276	0.941497	34.3146	1.25761	-1.75495	0.975537
30	0.768475	-0.524924	0.930644	35.2452	1.25761	-1.75495	0.975537
31	0.763225	-0.513785	0.920048	36.1653	1.25761	-1.75495	0.975537
32	0.758087	-0.502854	0.909703	37.075	1.25761	-1.75495	0.975537
33	0.753059	-0.492129	0.899605	37.9746	1.25761	-1.75495	0.975537
34	0.748138	-0.481604	0.889749	38.8643	1.25761	-1.75495	0.975537
35	0.743322	-0.471277	0.88013	39.7445	1.25761	-1.75495	0.975537
36	0.738609	-0.461143	0.870744	40.6152	1.25761	-1.75495	0.975537
37	0.733997	-0.451199	0.861587	41.4768	1.25761	-1.75495	0.975537
38	0.729485	-0.44144	0.852654	42.3294	1.25761	-1.75495	0.975537
39	0.725071	-0.431864	0.84394	43.1734	1.25761	-1.75495	0.975537
40	0.720752	-0.422468	0.835442	44.0088	1.25761	-1.75495	0.975537
41	0.716528	-0.413246	0.827155	44.836	1.25761	-1.75495	0.975537
42	0.712395	-0.404198	0.819074	45.6551	1.25761	-1.75495	0.975537
43	0.708353	-0.395318	0.811197	46.4663	1.25761	-1.75495	0.975537
44	0.7044	-0.386603	0.803518	47.2698	1.25761	-1.75495	0.975537
45	0.700534	-0.378052	0.796035	48.0658	1.25761	-1.75495	0.975537
46	0.696754	-0.369659	0.788742	48.8546	1.25761	-1.75495	0.975537
47	0.693057	-0.361424	0.781636	49.6362	1.25761	-1.75495	0.975537
48	0.689443	-0.353341	0.774714	50.4109	1.25761	-1.75495	0.975537
49	0.685909	-0.34541	0.767971	51.1789	1.25761	-1.75495	0.975537
50	0.682455	-0.337626	0.761404	51.9403	1.25761	-1.75495	0.975537
51	0.679079	-0.329986	0.755009	52.6953	1.25761	-1.75495	0.975537
52	0.675779	-0.322489	0.748784	53.4441	1.25761	-1.75495	0.975537
53	0.672554	-0.315132	0.742723	54.1868	1.25761	-1.75495	0.975537
54	0.669403	-0.307911	0.736824	54.9236	1.25761	-1.75495	0.975537
55	0.666324	-0.300825	0.731083	55.6547	1.25761	-1.75495	0.975537
56	0.663316	-0.29387	0.725498	56.3802	1.25761	-1.75495	0.975537
57	0.660377	-0.287044	0.720064	57.1003	1.25761	-1.75495	0.975537
58	0.657506	-0.280345	0.714778	57.815	1.25761	-1.75495	0.975537
59	0.654703	-0.27377	0.709638	58.5247	1.25761	-1.75495	0.975537
60	0.651965	-0.267317	0.70464	59.2293	1.25761	-1.75495	0.975537
61	0.649292	-0.260984	0.69978	59.9291	1.25761	-1.75495	0.975537
62	0.646682	-0.254768	0.695057	60.6242	1.25761	-1.75495	0.975537
63	0.644135	-0.248667	0.690467	61.3146	1.25761	-1.75495	0.975537
64	0.641648	-0.242679	0.686007	62.0006	1.25761	-1.75495	0.975537
65	0.639221	-0.236802	0.681674	62.6823	1.25761	-1.75495	0.975537
66	0.636853	-0.231034	0.677465	63.3598	1.25761	-1.75495	0.975537
67	0.634543	-0.225373	0.673378	64.0331	1.25761	-1.75495	0.975537
68	0.632289	-0.219816	0.669409	64.7026	1.25761	-1.75495	0.975537
69	0.630091	-0.214361	0.665556	65.3681	1.25761	-1.75495	0.975537
70	0.627947	-0.209008	0.661817	66.0299	1.25761	-1.75495	0.975537
71	0.625857	-0.203753	0.658189	66.6881	1.25761	-1.75495	0.975537
72	0.62382	-0.198596	0.654669	67.3428	1.25761	-1.75495	0.975537
73	0.621834	-0.193533	0.651254	67.994	1.25761	-1.75495	0.975537
74	0.619898	-0.188564	0.647943	68.642	1.25761	-1.75495	0.975537
75	0.618013	-0.183686	0.644733	69.2867	1.25761	-1.75495	0.975537
76	0.616176	-0.178898	0.641621	69.9283	1.25761	-1.75495	0.975537
77	0.614387	-0.174198	0.638605	70.5669	1.25761	-1.75495	0.975537
78	0.612645	-0.169585	0.635683	71.2026	1.25761	-1.75495	0.975537
79	0.610949	-0.165056	0.632853	71.8355	1.25761	-1.75495	0.975537
80	0.609298	-0.160611	0.630112	72.4656	1.25761	-1.75495	0.975537
81	0.607692	-0.156248	0.627458	73.093	1.25761	-1.75495	0.975537
82	0.60613	-0.151964	0.624889	73.7179	1.25761	-1.75495	0.975537
83	0.60461	-0.147759	0.622404	74.3403	1.25761	-1.75495	0.975537
84	0.603133	-0.143632	0.619999	74.9603	1.25761	-1.75495	0.975537
85	0.601696	-0.13958	0.617674	75.578	1.25761	-1.75495	0.975537
86	0.600301	-0.135602	0.615425	76.1934	1.25761	-1.75495	0.975537
87	0.598945	-0.131697	0.613252	76.8067	1.25761	-1.75495	0.975537
88	0.597628	-0.127863	0.611153	77.4178	1.25761	-1.75495	0.975537
89	0.596349	-0.1241	0.609125	78.027	1.25761	-1.75495	0.975537
90	0.595108	-0.120405	0.607166	78.6341	1.25761	-1.75495	0.975537
91	0.593904	-0.116778	0.605276	79.2394	1.25761	-1.75495	0.975537
92	0.592736	-0.113217	0.603452	79.8429	1.25761	-1.75495	0.975537
93	0.591604	-0.109721	0.601693	80.4446	1.25761	-1.75495	0.975537
94	0.590507	-0.106289	0.599996	81.0445	1.25761	-1.75495	0.975537
95	0.589444	-0.10292	0.598361	81.6429	1.25761	-1.75495	0.975537
96	0.588415	-0.0996113	0.596787	82.2397	1.25761	-1.75495	0.975537
97	0.587418	-0.0963633	0.59527	82.835	1.25761	-1.75495	0.975537
98	0.586455	-0.0931743	0.59381	83.4288	1.25761	-1.75495	0.975537
99	0.585523	-0.0900433	0.592406	84.0212	1.25761	-1.75495	0.975537


t	x[0]	x[1]	P	theta[0]	theta[1]	theta[2]
0	0.99	-0.979864	1.39292	1.39292	1.25761	-1.75595	0.976537
1	0.980201	-0.960113	1.37208	2.76501	1.25761	-1.75595	0.976537
2	0.9706	-0.940737	1.35168	4.11669	1.25761	-1.75595	0.976537
3	0.961193	-0.921731	1.33172	5.44841	1.25761	-1.75595	0.976537
4	0.951976	-0.903086	1.31218	6.76059	1.25761	-1.75595	0.976537
5	0.942945	-0.884795	1.29306	8.05365	1.25761	-1.75595	0.976537
6	0.934097	-0.866853	1.27435	9.328	1.25761	-1.75595	0.976537
7	0.925428	-0.849251	1.25604	10.584	1.25761	-1.75595	0.976537
8	0.916936	-0.831983	1.23813	11.8222	1.25761	-1.75595	0.976537
9	0.908616	-0.815043	1.22061	13.0428	1.25761	-1.75595	0.976537
10	0.900465	-0.798424	1.20346	14.2462	1.25761	-1.75595	0.976537
11	0.892481	-0.782119	1.18669	15.4329	1.25761	-1.75595	0.976537
12	0.88466	-0.766124	1.17029	16.6032	1.25761	-1.75595	0.976537
13	0.876999	-0.750431	1.15424	17.7575	1.25761	-1.75595	0.976537
14	0.869494	-0.735035	1.13855	18.896	1.25761	-1.75595	0.976537
15	0.862144	-0.719931	1.12321	20.0192	1.25761	-1.75595	0.976537
16	0.854945	-0.705111	1.1082	21.1274	1.25761	-1.75595	0.976537
17	0.847894	-0.690572	1.09353	22.221	1.25761	-1.75595	0.976537
18	0.840988	-0.676307	1.07919	23.3001	1.25761	-1.75595	0.976537
19	0.834225	-0.662311	1.06517	24.3653	1.25761	-1.75595	0.976537
20	0.827602	-0.64858	1.05147	25.4168	1.25761	-1.75595	0.976537
21	0.821116	-0.635107	1.03807	26.4549	1.25761	-1.75595	0.976537
22	0.814765	-0.621888	1.02498	27.4798	1.25761	-1.75595	0.976537
23	0.808546	-0.608918	1.01219	28.492	1.25761	-1.75595	0.976537
24	0.802457	-0.596192	0.999691	29.4917	1.25761	-1.75595	0.976537
25	0.796495	-0.583706	0.98748	30.4792	1.25761	-1.75595	0.976537
26	0.790658	-0.571455	0.975551	31.4547	1.25761	-1.75595	0.976537
27	0.784943	-0.559434	0.963899	32.4186	1.25761	-1.75595	0.976537
28	0.779349	-0.547638	0.952519	33.3712	1.25761	-1.75595	0.976537
29	0.773873	-0.536065	0.941406	34.3126	1.25761	-1.75595	0.976537
30	0.768512	-0.524709	0.930554	35.2431	1.25761	-1.75595	0.976537
31	0.763265	-0.513566	0.919958	36.1631	1.25761	-1.75595	0.976537
32	0.758129	-0.502632	0.909615	37.0727	1.25761	-1.75595	0.976537
33	0.753103	-0.491903	0.899518	37.9722	1.25761	-1.75595	0.976537
34	0.748184	-0.481375	0.889664	38.8619	1.25761	-1.75595	0.976537
35	0.74337	-0.471045	0.880047	39.7419	1.25761	-1.75595	0.976537
36	0.73866	-0.460908	0.870663	40.6126	1.25761	-1.75595	0.976537
37	0.734051	-0.450961	0.861508	41.4741	1.25761	-1.75595	0.976537
38	0.729541	-0.4412	0.852577	42.3267	1.25761	-1.75595	0.976537
39	0.725129	-0.431622	0.843866	43.1705	1.25761	-1.75595	0.976537
40	0.720813	-0.422223	0.83537	44.0059	1.25761	-1.75595	0.976537
41	0.716591	-0.412999	0.827085	44.833	1.25761	-1.75595	0.976537
42	0.712461	-0.403948	0.819008	45.652	1.25761	-1.75595	0.976537
43	0.708421	-0.395066	0.811134	46.4631	1.25761	-1.75595	0.976537
44	0.70447	-0.38635	0.803458	47.2666	1.25761	-1.75595	0.976537
45	0.700607	-0.377797	0.795978	48.0626	1.25761	-1.75595	0.976537
46	0.696829	-0.369404	0.788688	48.8513	1.25761	-1.75595	0.976537
47	0.693135	-0.361166	0.781586	49.6328	1.25761	-1.75595	0.976537
48	0.689523	-0.353083	0.774668	50.4075	1.25761	-1.75595	0.976537
49	0.685992	-0.34515	0.767929	51.1754	1.25761	-1.75595	0.976537
50	0.682541	-0.337365	0.761365	51.9368	1.25761	-1.75595	0.976537
51	0.679167	-0.329725	0.754975	52.6918	1.25761	-1.75595	0.976537
52	0.67587	-0.322227	0.748753	53.4405	1.25761	-1.75595	0.976537
53	0.672648	-0.314869	0.742696	54.1832	1.25761	-1.75595	0.976537
54	0.669499	-0.307648	0.736801	54.92	1.25761	-1.75595	0.976537
55	0.666423	-0.300561	0.731065	55.6511	1.25761	-1.75595	0.976537
56	0.663417	-0.293605	0.725483	56.3766	1.25761	-1.75595	0.976537
57	0.660481	-0.286779	0.720054	57.0966	1.25761	-1.75595	0.976537
58	0.657613	-0.28008	0.714773	57.8114	1.25761	-1.75595	0.976537
59	0.654812	-0.273505	0.709637	58.521	1.25761	-1.75595	0.976537
60	0.652077	-0.267052	0.704643	59.2257	1.25761	-1.75595	0.976537
61	0.649407	-0.260719	0.699788	59.9255	1.25761	-1.75595	0.976537
62	0.6468	-0.254504	0.69507	60.6205	1.25761	-1.75595	0.976537
63	0.644254	-0.248403	0.690484	61.311	1.25761	-1.75595	0.976537
64	0.64177	-0.242416	0.686028	61.9971	1.25761	-1.75595	0.976537
65	0.639346	-0.236539	0.6817	62.6788	1.25761	-1.75595	0.976537
66	0.636981	-0.230771	0.677495	63.3563	1.25761	-1.75595	0.976537
67	0.634673	-0.22511	0.673413	64.0297	1.25761	-1.75595	0.976537
68	0.632422	-0.219554	0.669449	64.6991	1.25761	-1.75595	0.976537
69	0.630227	-0.214101	0.665601	65.3647	1.25761	-1.75595	0.976537
70	0.628086	-0.208748	0.661866	66.0266	1.25761	-1.75595	0.976537
71	0.625998	-0.203494	0.658243	66.6848	1.25761	-1.75595	0.976537
72	0.623963	-0.198337	0.654727	67.3396	1.25761	-1.75595	0.976537
73	0.62198	-0.193275	0.651317	67.9909	1.25761	-1.75595	0.976537
74	0.620047	-0.188307	0.648011	68.6389	1.25761	-1.75595	0.976537
75	0.618164	-0.18343	0.644805	69.2837	1.25761	-1.75595	0.976537
76	0.61633	-0.178644	0.641698	69.9254	1.25761	-1.75595	0.976537
77	0.614543	-0.173945	0.638686	70.5641	1.25761	-1.75595	0.976537
78	0.612804	-0.169333	0.635769	71.1998	1.25761	-1.75595	0.976537
79	0.61111	-0.164805	0.632943	71.8328	1.25761	-1.75595	0.976537
80	0.609462	-0.160361	0.630206	72.463	1.25761	-1.75595	0.976537
81	0.607859	-0.155999	0.627557	73.0905	1.25761	-1.75595	0.976537
82	0.606299	-0.151717	0.624993	73.7155	1.25761	-1.75595	0.976537
83	0.604782	-0.147514	0.622512	74.338	1.25761	-1.75595	0.976537
84	0.603306	-0.143387	0.620112	74.9582	1.25761	-1.75595	0.976537
85	0.601873	-0.139337	0.617791	75.5759	1.25761	-1.75595	0.976537
86	0.600479	-0.13536	0.615547	76.1915	1.25761	-1.75595	0.976537
87	0.599126	-0.131457	0.613378	76.8049	1.25761	-1.75595	0.976537
88	0.597811	-0.127625	0.611282	77.4162	1.25761	-1.75595	0.976537
89	0.596535	-0.123863	0.609258	78.0254	1.25761	-1.75595	0.976537
90	0.595296	-0.12017	0.607304	78.6327	1.25761	-1.75595	0.976537
91	0.594094	-0.116545	0.605418	79.2381	1.25761	-1.75595	0.976537
92	0.592929	-0.112985	0.603598	79.8417	1.25761	-1.75595	0.976537
93	0.591799	-0.109491	0.601843	80.4436	1.25761	-1.75595	0.976537
94	0.590704	-0.106061	0.60015	81.0437	1.25761	-1.75595	0.976537
95	0.589644	-0.102693	0.598519	81.6422	1.25761	-1.75595	0.976537
96	0.588617	-0.0993862	0.596948	82.2392	1.25761	-1.75595	0.976537
97	0.587623	-0.0961399	0.595436	82.8346	1.25761	-1.75595	0.976537
98	0.586661	-0.0929527	0.59398	83.4286	1.25761	-1.75595	0.976537
99	0.585732	-0.0898235	0.592579	84.0212	1.25761	-1.75595	0.976537
