
Current theta : [ 1.19894 , -1.74431 , 0.958257 ] 


t	x[0]	x[1]	P	theta[0]	theta[1]	theta[2]
0	0.99	-0.980568	1.39342	1.39342	1.19894	-1.74431	0.958257
1	0.980194	-0.961502	1.37305	2.76647	1.19894	-1.74431	0.958257
2	0.970579	-0.942796	1.3531	4.11957	1.19894	-1.74431	0.958257
3	0.961151	-0.924443	1.33357	5.45314	1.19894	-1.74431	0.958257
4	0.951907	-0.906435	1.31444	6.76758	1.19894	-1.74431	0.958257
5	0.942843	-0.888766	1.29571	8.06329	1.19894	-1.74431	0.958257
6	0.933955	-0.871428	1.27736	9.34065	1.19894	-1.74431	0.958257
7	0.925241	-0.854417	1.2594	10.6001	1.19894	-1.74431	0.958257
8	0.916696	-0.837724	1.24182	11.8419	1.19894	-1.74431	0.958257
9	0.908319	-0.821343	1.2246	13.0665	1.19894	-1.74431	0.958257
10	0.900106	-0.805269	1.20775	14.2742	1.19894	-1.74431	0.958257
11	0.892053	-0.789496	1.19124	15.4655	1.19894	-1.74431	0.958257
12	0.884158	-0.774018	1.17509	16.6406	1.19894	-1.74431	0.958257
13	0.876418	-0.758828	1.15928	17.7998	1.19894	-1.74431	0.958257
14	0.86883	-0.743921	1.1438	18.9436	1.19894	-1.74431	0.958257
15	0.86139	-0.729293	1.12865	20.0723	1.19894	-1.74431	0.958257
16	0.854098	-0.714937	1.11383	21.1861	1.19894	-1.74431	0.958257
17	0.846948	-0.700848	1.09932	22.2854	1.19894	-1.74431	0.958257
18	0.83994	-0.68702	1.08512	23.3706	1.19894	-1.74431	0.958257
19	0.833069	-0.67345	1.07123	24.4418	1.19894	-1.74431	0.958257
20	0.826335	-0.660132	1.05764	25.4994	1.19894	-1.74431	0.958257
21	0.819734	-0.64706	1.04434	26.5438	1.19894	-1.74431	0.958257
22	0.813263	-0.634232	1.03133	27.5751	1.19894	-1.74431	0.958257
23	0.806921	-0.62164	1.01861	28.5937	1.19894	-1.74431	0.958257
24	0.800704	-0.609282	1.00616	29.5999	1.19894	-1.74431	0.958257
25	0.794612	-0.597153	0.993981	30.5939	1.19894	-1.74431	0.958257
26	0.78864	-0.585248	0.982073	31.5759	1.19894	-1.74431	0.958257
27	0.782788	-0.573563	0.970428	32.5464	1.19894	-1.74431	0.958257
28	0.777052	-0.562093	0.95904	33.5054	1.19894	-1.74431	0.958257
29	0.771431	-0.550836	0.947906	34.4533	1.19894	-1.74431	0.958257
30	0.765923	-0.539786	0.93702	35.3903	1.19894	-1.74431	0.958257
31	0.760525	-0.52894	0.926377	36.3167	1.19894	-1.74431	0.958257
32	0.755235	-0.518294	0.915974	37.2327	1.19894	-1.74431	0.958257
33	0.750052	-0.507843	0.905805	38.1385	1.19894	-1.74431	0.958257
34	0.744974	-0.497586	0.895867	39.0344	1.19894	-1.74431	0.958257
35	0.739998	-0.487517	0.886154	39.9205	1.19894	-1.74431	0.958257
36	0.735123	-0.477633	0.876663	40.7972	1.19894	-1.74431	0.958257
37	0.730347	-0.46793	0.86739	41.6646	1.19894	-1.74431	0.958257
38	0.725667	-0.458407	0.85833	42.5229	1.19894	-1.74431	0.958257
39	0.721083	-0.449057	0.849478	43.3724	1.19894	-1.74431	0.958257
40	0.716593	-0.43988	0.840833	44.2132	1.19894	-1.74431	0.958257
41	0.712194	-0.430871	0.832388	45.0456	1.19894	-1.74431	0.958257
42	0.707885	-0.422027	0.824141	45.8697	1.19894	-1.74431	0.958257
43	0.703665	-0.413345	0.816087	46.6858	1.19894	-1.74431	0.958257
44	0.699531	-0.404822	0.808224	47.494	1.19894	-1.74431	0.958257
45	0.695483	-0.396456	0.800546	48.2946	1.19894	-1.74431	0.958257
46	0.691519	-0.388242	0.793051	49.0876	1.19894	-1.74431	0.958257
47	0.687636	-0.380179	0.785735	49.8734	1.19894	-1.74431	0.958257
48	0.683834	-0.372263	0.778594	50.652	1.19894	-1.74431	0.958257
49	0.680112	-0.364492	0.771626	51.4236	1.19894	-1.74431	0.958257
50	0.676467	-0.356863	0.764826	52.1884	1.19894	-1.74431	0.958257
51	0.672898	-0.349373	0.758191	52.9466	1.19894	-1.74431	0.958257
52	0.669405	-0.34202	0.751718	53.6983	1.19894	-1.74431	0.958257
53	0.665984	-0.334801	0.745404	54.4437	1.19894	-1.74431	0.958257
54	0.662636	-0.327714	0.739245	55.183	1.19894	-1.74431	0.958257
55	0.659359	-0.320756	0.733239	55.9162	1.19894	-1.74431	0.958257
56	0.656152	-0.313925	0.727382	56.6436	1.19894	-1.74431	0.958257
57	0.653012	-0.307219	0.721671	57.3653	1.19894	-1.74431	0.958257
58	0.64994	-0.300634	0.716103	58.0814	1.19894	-1.74431	0.958257
59	0.646934	-0.29417	0.710675	58.792	1.19894	-1.74431	0.958257
60	0.643992	-0.287823	0.705385	59.4974	1.19894	-1.74431	0.958257
61	0.641114	-0.281591	0.700229	60.1977	1.19894	-1.74431	0.958257
62	0.638298	-0.275473	0.695205	60.8929	1.19894	-1.74431	0.958257
63	0.635543	-0.269467	0.69031	61.5832	1.19894	-1.74431	0.958257
64	0.632849	-0.263569	0.685541	62.2687	1.19894	-1.74431	0.958257
65	0.630213	-0.257778	0.680895	62.9496	1.19894	-1.74431	0.958257
66	0.627635	-0.252093	0.67637	63.626	1.19894	-1.74431	0.958257
67	0.625114	-0.246511	0.671964	64.2979	1.19894	-1.74431	0.958257
68	0.622649	-0.24103	0.667673	64.9656	1.19894	-1.74431	0.958257
69	0.620239	-0.235649	0.663496	65.6291	1.19894	-1.74431	0.958257
70	0.617882	-0.230365	0.659429	66.2885	1.19894	-1.74431	0.958257
71	0.615579	-0.225177	0.655471	66.944	1.19894	-1.74431	0.958257
72	0.613327	-0.220083	0.651618	67.5956	1.19894	-1.74431	0.958257
73	0.611126	-0.215081	0.64787	68.2435	1.19894	-1.74431	0.958257
74	0.608975	-0.21017	0.644222	68.8877	1.19894	-1.74431	0.958257
75	0.606874	-0.205348	0.640674	69.5284	1.19894	-1.74431	0.958257
76	0.60482	-0.200612	0.637223	70.1656	1.19894	-1.74431	0.958257
77	0.602814	-0.195963	0.633866	70.7995	1.19894	-1.74431	0.958257
78	0.600854	-0.191398	0.630602	71.4301	1.19894	-1.74431	0.958257
79	0.59894	-0.186915	0.627429	72.0575	1.19894	-1.74431	0.958257
80	0.597071	-0.182513	0.624344	72.6819	1.19894	-1.74431	0.958257
81	0.595246	-0.178191	0.621345	73.3032	1.19894	-1.74431	0.958257
82	0.593464	-0.173946	0.618431	73.9216	1.19894	-1.74431	0.958257
83	0.591725	-0.169778	0.6156	74.5372	1.19894	-1.74431	0.958257
84	0.590027	-0.165686	0.612849	75.1501	1.19894	-1.74431	0.958257
85	0.58837	-0.161667	0.610177	75.7603	1.19894	-1.74431	0.958257
86	0.586753	-0.157721	0.607582	76.3678	1.19894	-1.74431	0.958257
87	0.585176	-0.153845	0.605062	76.9729	1.19894	-1.74431	0.958257
88	0.583638	-0.15004	0.602615	77.5755	1.19894	-1.74431	0.958257
89	0.582137	-0.146303	0.60024	78.1758	1.19894	-1.74431	0.958257
90	0.580674	-0.142633	0.597936	78.7737	1.19894	-1.74431	0.958257
91	0.579248	-0.13903	0.595699	79.3694	1.19894	-1.74431	0.958257
92	0.577858	-0.135491	0.593529	79.9629	1.19894	-1.74431	0.958257
93	0.576503	-0.132015	0.591425	80.5543	1.19894	-1.74431	0.958257
94	0.575183	-0.128603	0.589384	81.1437	1.19894	-1.74431	0.958257
95	0.573897	-0.125251	0.587405	81.7311	1.19894	-1.74431	0.958257
96	0.572644	-0.12196	0.585487	82.3166	1.19894	-1.74431	0.958257
97	0.571424	-0.118727	0.583628	82.9003	1.19894	-1.74431	0.958257
98	0.570237	-0.115553	0.581827	83.4821	1.19894	-1.74431	0.958257
99	0.569082	-0.112435	0.580082	84.0622	1.19894	-1.74431	0.958257


t	x[0]	x[1]	P	theta[0]	theta[1]	theta[2]
0	0.99	-0.980558	1.39341	1.39341	1.19994	-1.74431	0.958257
1	0.980194	-0.961482	1.37304	2.76645	1.19994	-1.74431	0.958257
2	0.97058	-0.942767	1.35308	4.11953	1.19994	-1.74431	0.958257
3	0.961152	-0.924404	1.33354	5.45307	1.19994	-1.74431	0.958257
4	0.951908	-0.906388	1.31441	6.76748	1.19994	-1.74431	0.958257
5	0.942844	-0.88871	1.29567	8.06315	1.19994	-1.74431	0.958257
6	0.933957	-0.871364	1.27732	9.34047	1.19994	-1.74431	0.958257
7	0.925243	-0.854344	1.25936	10.5998	1.19994	-1.74431	0.958257
8	0.9167	-0.837643	1.24177	11.8416	1.19994	-1.74431	0.958257
9	0.908323	-0.821255	1.22455	13.0661	1.19994	-1.74431	0.958257
10	0.900111	-0.805173	1.20769	14.2738	1.19994	-1.74431	0.958257
11	0.892059	-0.789393	1.19118	15.465	1.19994	-1.74431	0.958257
12	0.884165	-0.773907	1.17502	16.64	1.19994	-1.74431	0.958257
13	0.876426	-0.75871	1.15921	17.7992	1.19994	-1.74431	0.958257
14	0.868839	-0.743797	1.14373	18.943	1.19994	-1.74431	0.958257
15	0.861401	-0.729162	1.12858	20.0715	1.19994	-1.74431	0.958257
16	0.854109	-0.714799	1.11375	21.1853	1.19994	-1.74431	0.958257
17	0.846961	-0.700704	1.09924	22.2845	1.19994	-1.74431	0.958257
18	0.839954	-0.686871	1.08504	23.3696	1.19994	-1.74431	0.958257
19	0.833086	-0.673295	1.07115	24.4407	1.19994	-1.74431	0.958257
20	0.826353	-0.659971	1.05755	25.4983	1.19994	-1.74431	0.958257
21	0.819753	-0.646894	1.04425	26.5425	1.19994	-1.74431	0.958257
22	0.813284	-0.63406	1.03124	27.5738	1.19994	-1.74431	0.958257
23	0.806943	-0.621463	1.01852	28.5923	1.19994	-1.74431	0.958257
24	0.800729	-0.6091	1.00607	29.5984	1.19994	-1.74431	0.958257
25	0.794638	-0.596966	0.99389	30.5922	1.19994	-1.74431	0.958257
26	0.788668	-0.585056	0.981982	31.5742	1.19994	-1.74431	0.958257
27	0.782818	-0.573366	0.970336	32.5446	1.19994	-1.74431	0.958257
28	0.777084	-0.561892	0.958949	33.5035	1.19994	-1.74431	0.958257
29	0.771465	-0.550631	0.947815	34.4513	1.19994	-1.74431	0.958257
30	0.765959	-0.539576	0.936929	35.3883	1.19994	-1.74431	0.958257
31	0.760563	-0.528726	0.926287	36.3145	1.19994	-1.74431	0.958257
32	0.755276	-0.518076	0.915884	37.2304	1.19994	-1.74431	0.958257
33	0.750095	-0.507622	0.905717	38.1361	1.19994	-1.74431	0.958257
34	0.745019	-0.49736	0.895779	39.0319	1.19994	-1.74431	0.958257
35	0.740045	-0.487288	0.886068	39.918	1.19994	-1.74431	0.958257
36	0.735172	-0.4774	0.876578	40.7946	1.19994	-1.74431	0.958257
37	0.730398	-0.467695	0.867306	41.6619	1.19994	-1.74431	0.958257
38	0.725721	-0.458167	0.858247	42.5201	1.19994	-1.74431	0.958257
39	0.72114	-0.448815	0.849398	43.3695	1.19994	-1.74431	0.958257
40	0.716651	-0.439634	0.840754	44.2103	1.19994	-1.74431	0.958257
41	0.712255	-0.430622	0.832312	45.0426	1.19994	-1.74431	0.958257
42	0.707949	-0.421775	0.824067	45.8667	1.19994	-1.74431	0.958257
43	0.703731	-0.41309	0.816015	46.6827	1.19994	-1.74431	0.958257
44	0.6996	-0.404565	0.808154	47.4908	1.19994	-1.74431	0.958257
45	0.695555	-0.396195	0.800479	48.2913	1.19994	-1.74431	0.958257
46	0.691593	-0.387979	0.792987	49.0843	1.19994	-1.74431	0.958257
47	0.687713	-0.379913	0.785674	49.87	1.19994	-1.74431	0.958257
48	0.683914	-0.371995	0.778536	50.6485	1.19994	-1.74431	0.958257
49	0.680194	-0.364222	0.77157	51.4201	1.19994	-1.74431	0.958257
50	0.676552	-0.35659	0.764774	52.1848	1.19994	-1.74431	0.958257
51	0.672986	-0.349098	0.758142	52.943	1.19994	-1.74431	0.958257
52	0.669495	-0.341743	0.751672	53.6947	1.19994	-1.74431	0.958257
53	0.666077	-0.334522	0.745362	54.44	1.19994	-1.74431	0.958257
54	0.662732	-0.327433	0.739206	55.1792	1.19994	-1.74431	0.958257
55	0.659458	-0.320473	0.733204	55.9124	1.19994	-1.74431	0.958257
56	0.656253	-0.31364	0.72735	56.6398	1.19994	-1.74431	0.958257
57	0.653117	-0.306932	0.721643	57.3614	1.19994	-1.74431	0.958257
58	0.650047	-0.300345	0.716079	58.0775	1.19994	-1.74431	0.958257
59	0.647044	-0.293879	0.710655	58.7882	1.19994	-1.74431	0.958257
60	0.644105	-0.287531	0.705369	59.4935	1.19994	-1.74431	0.958257
61	0.64123	-0.281297	0.700217	60.1937	1.19994	-1.74431	0.958257
62	0.638417	-0.275178	0.695197	60.8889	1.19994	-1.74431	0.958257
63	0.635665	-0.26917	0.690306	61.5792	1.19994	-1.74431	0.958257
64	0.632973	-0.26327	0.685541	62.2648	1.19994	-1.74431	0.958257
65	0.630341	-0.257478	0.6809	62.9457	1.19994	-1.74431	0.958257
66	0.627766	-0.251792	0.676379	63.6221	1.19994	-1.74431	0.958257
67	0.625248	-0.246208	0.671977	64.294	1.19994	-1.74431	0.958257
68	0.622786	-0.240726	0.667691	64.9617	1.19994	-1.74431	0.958257
69	0.620379	-0.235343	0.663518	65.6253	1.19994	-1.74431	0.958257
70	0.618025	-0.230058	0.659456	66.2847	1.19994	-1.74431	0.958257
71	0.615725	-0.224869	0.655502	66.9402	1.19994	-1.74431	0.958257
72	0.613476	-0.219774	0.651654	67.5919	1.19994	-1.74431	0.958257
73	0.611278	-0.214771	0.64791	68.2398	1.19994	-1.74431	0.958257
74	0.60913	-0.209859	0.644267	68.884	1.19994	-1.74431	0.958257
75	0.607032	-0.205035	0.640724	69.5248	1.19994	-1.74431	0.958257
76	0.604981	-0.200299	0.637277	70.162	1.19994	-1.74431	0.958257
77	0.602978	-0.195649	0.633925	70.796	1.19994	-1.74431	0.958257
78	0.601022	-0.191082	0.630666	71.4266	1.19994	-1.74431	0.958257
79	0.599111	-0.186598	0.627498	72.0541	1.19994	-1.74431	0.958257
80	0.597245	-0.182196	0.624417	72.6785	1.19994	-1.74431	0.958257
81	0.595423	-0.177872	0.621424	73.3	1.19994	-1.74431	0.958257
82	0.593644	-0.173627	0.618514	73.9185	1.19994	-1.74431	0.958257
83	0.591908	-0.169459	0.615688	74.5342	1.19994	-1.74431	0.958257
84	0.590214	-0.165365	0.612942	75.1471	1.19994	-1.74431	0.958257
85	0.58856	-0.161346	0.610275	75.7574	1.19994	-1.74431	0.958257
86	0.586947	-0.157398	0.607685	76.3651	1.19994	-1.74431	0.958257
87	0.585373	-0.153523	0.60517	76.9702	1.19994	-1.74431	0.958257
88	0.583837	-0.149716	0.602728	77.573	1.19994	-1.74431	0.958257
89	0.58234	-0.145979	0.600358	78.1733	1.19994	-1.74431	0.958257
90	0.58088	-0.142308	0.598058	78.7714	1.19994	-1.74431	0.958257
91	0.579457	-0.138704	0.595827	79.3672	1.19994	-1.74431	0.958257
92	0.57807	-0.135164	0.593662	79.9609	1.19994	-1.74431	0.958257
93	0.576719	-0.131688	0.591562	80.5524	1.19994	-1.74431	0.958257
94	0.575402	-0.128275	0.589527	81.142	1.19994	-1.74431	0.958257
95	0.574119	-0.124923	0.587553	81.7295	1.19994	-1.74431	0.958257
96	0.57287	-0.121631	0.58564	82.3152	1.19994	-1.74431	0.958257
97	0.571653	-0.118398	0.583786	82.8989	1.19994	-1.74431	0.958257
98	0.570469	-0.115223	0.581989	83.4809	1.19994	-1.74431	0.958257
99	0.569317	-0.112105	0.58025	84.0612	1.19994	-1.74431	0.958257


t	x[0]	x[1]	P	theta[0]	theta[1]	theta[2]
0	0.99	-0.980578	1.39342	1.39342	1.19894	-1.74331	0.958257
1	0.980194	-0.961522	1.37306	2.76649	1.19894	-1.74331	0.958257
2	0.970579	-0.942825	1.35312	4.11961	1.19894	-1.74331	0.958257
3	0.961151	-0.924481	1.33359	5.45321	1.19894	-1.74331	0.958257
4	0.951906	-0.906481	1.31447	6.76768	1.19894	-1.74331	0.958257
5	0.942841	-0.88882	1.29574	8.06342	1.19894	-1.74331	0.958257
6	0.933953	-0.871491	1.27741	9.34083	1.19894	-1.74331	0.958257
7	0.925238	-0.854487	1.25945	10.6003	1.19894	-1.74331	0.958257
8	0.916693	-0.837801	1.24187	11.8421	1.19894	-1.74331	0.958257
9	0.908315	-0.821428	1.22466	13.0668	1.19894	-1.74331	0.958257
10	0.900101	-0.805361	1.2078	14.2746	1.19894	-1.74331	0.958257
11	0.892047	-0.789594	1.1913	15.4659	1.19894	-1.74331	0.958257
12	0.884151	-0.774122	1.17515	16.6411	1.19894	-1.74331	0.958257
13	0.87641	-0.758938	1.15935	17.8004	1.19894	-1.74331	0.958257
14	0.868821	-0.744037	1.14387	18.9443	1.19894	-1.74331	0.958257
15	0.86138	-0.729414	1.12873	20.073	1.19894	-1.74331	0.958257
16	0.854086	-0.715063	1.1139	21.1869	1.19894	-1.74331	0.958257
17	0.846936	-0.700979	1.0994	22.2863	1.19894	-1.74331	0.958257
18	0.839926	-0.687157	1.0852	23.3715	1.19894	-1.74331	0.958257
19	0.833054	-0.673591	1.07131	24.4428	1.19894	-1.74331	0.958257
20	0.826318	-0.660277	1.05772	25.5005	1.19894	-1.74331	0.958257
21	0.819716	-0.64721	1.04442	26.5449	1.19894	-1.74331	0.958257
22	0.813243	-0.634385	1.03141	27.5764	1.19894	-1.74331	0.958257
23	0.8069	-0.621797	1.01868	28.595	1.19894	-1.74331	0.958257
24	0.800682	-0.609443	1.00624	29.6013	1.19894	-1.74331	0.958257
25	0.794587	-0.597317	0.99406	30.5953	1.19894	-1.74331	0.958257
26	0.788614	-0.585415	0.982152	31.5775	1.19894	-1.74331	0.958257
27	0.78276	-0.573733	0.970506	32.548	1.19894	-1.74331	0.958257
28	0.777023	-0.562266	0.959118	33.5071	1.19894	-1.74331	0.958257
29	0.7714	-0.551011	0.947983	34.4551	1.19894	-1.74331	0.958257
30	0.76589	-0.539964	0.937096	35.3922	1.19894	-1.74331	0.958257
31	0.76049	-0.52912	0.926452	36.3186	1.19894	-1.74331	0.958257
32	0.755199	-0.518476	0.916048	37.2347	1.19894	-1.74331	0.958257
33	0.750014	-0.508028	0.905877	38.1406	1.19894	-1.74331	0.958257
34	0.744934	-0.497773	0.895937	39.0365	1.19894	-1.74331	0.958257
35	0.739956	-0.487705	0.886223	39.9227	1.19894	-1.74331	0.958257
36	0.735079	-0.477823	0.87673	40.7995	1.19894	-1.74331	0.958257
37	0.730301	-0.468123	0.867455	41.6669	1.19894	-1.74331	0.958257
38	0.72562	-0.4586	0.858393	42.5253	1.19894	-1.74331	0.958257
39	0.721034	-0.449252	0.849539	43.3749	1.19894	-1.74331	0.958257
40	0.716541	-0.440076	0.840891	44.2157	1.19894	-1.74331	0.958257
41	0.71214	-0.431068	0.832444	45.0482	1.19894	-1.74331	0.958257
42	0.70783	-0.422225	0.824195	45.8724	1.19894	-1.74331	0.958257
43	0.703607	-0.413544	0.816139	46.6885	1.19894	-1.74331	0.958257
44	0.699472	-0.405022	0.808272	47.4968	1.19894	-1.74331	0.958257
45	0.695422	-0.396656	0.800592	48.2974	1.19894	-1.74331	0.958257
46	0.691455	-0.388443	0.793094	49.0905	1.19894	-1.74331	0.958257
47	0.687571	-0.380381	0.785775	49.8763	1.19894	-1.74331	0.958257
48	0.683767	-0.372465	0.778632	50.6549	1.19894	-1.74331	0.958257
49	0.680042	-0.364695	0.77166	51.4265	1.19894	-1.74331	0.958257
50	0.676395	-0.357066	0.764857	52.1914	1.19894	-1.74331	0.958257
51	0.672825	-0.349576	0.758219	52.9496	1.19894	-1.74331	0.958257
52	0.669329	-0.342223	0.751743	53.7014	1.19894	-1.74331	0.958257
53	0.665907	-0.335005	0.745426	54.4468	1.19894	-1.74331	0.958257
54	0.662557	-0.327918	0.739264	55.1861	1.19894	-1.74331	0.958257
55	0.659278	-0.32096	0.733254	55.9193	1.19894	-1.74331	0.958257
56	0.656068	-0.314129	0.727394	56.6467	1.19894	-1.74331	0.958257
57	0.652927	-0.307422	0.72168	57.3684	1.19894	-1.74331	0.958257
58	0.649852	-0.300837	0.716108	58.0845	1.19894	-1.74331	0.958257
59	0.646844	-0.294372	0.710677	58.7952	1.19894	-1.74331	0.958257
60	0.6439	-0.288025	0.705384	59.5006	1.19894	-1.74331	0.958257
61	0.64102	-0.281793	0.700224	60.2008	1.19894	-1.74331	0.958257
62	0.638202	-0.275675	0.695197	60.896	1.19894	-1.74331	0.958257
63	0.635445	-0.269668	0.690298	61.5863	1.19894	-1.74331	0.958257
64	0.632749	-0.263769	0.685526	62.2718	1.19894	-1.74331	0.958257
65	0.630111	-0.257978	0.680876	62.9527	1.19894	-1.74331	0.958257
66	0.627531	-0.252292	0.676348	63.629	1.19894	-1.74331	0.958257
67	0.625008	-0.24671	0.671938	64.301	1.19894	-1.74331	0.958257
68	0.622541	-0.241228	0.667644	64.9686	1.19894	-1.74331	0.958257
69	0.620129	-0.235846	0.663463	65.6321	1.19894	-1.74331	0.958257
70	0.61777	-0.230561	0.659393	66.2915	1.19894	-1.74331	0.958257
71	0.615465	-0.225372	0.655431	66.9469	1.19894	-1.74331	0.958257
72	0.613211	-0.220277	0.651575	67.5985	1.19894	-1.74331	0.958257
73	0.611008	-0.215275	0.647823	68.2463	1.19894	-1.74331	0.958257
74	0.608856	-0.210363	0.644172	68.8905	1.19894	-1.74331	0.958257
75	0.606752	-0.205539	0.64062	69.5311	1.19894	-1.74331	0.958257
76	0.604697	-0.200803	0.637166	70.1682	1.19894	-1.74331	0.958257
77	0.602689	-0.196153	0.633806	70.8021	1.19894	-1.74331	0.958257
78	0.600727	-0.191586	0.630538	71.4326	1.19894	-1.74331	0.958257
79	0.598811	-0.187103	0.627361	72.06	1.19894	-1.74331	0.958257
80	0.59694	-0.1827	0.624273	72.6842	1.19894	-1.74331	0.958257
81	0.595113	-0.178376	0.621271	73.3055	1.19894	-1.74331	0.958257
82	0.593329	-0.174131	0.618354	73.9239	1.19894	-1.74331	0.958257
83	0.591588	-0.169962	0.615519	74.5394	1.19894	-1.74331	0.958257
84	0.589888	-0.165868	0.612765	75.1521	1.19894	-1.74331	0.958257
85	0.58823	-0.161848	0.610089	75.7622	1.19894	-1.74331	0.958257
86	0.586611	-0.1579	0.607491	76.3697	1.19894	-1.74331	0.958257
87	0.585032	-0.154024	0.604968	76.9747	1.19894	-1.74331	0.958257
88	0.583492	-0.150217	0.602518	77.5772	1.19894	-1.74331	0.958257
89	0.58199	-0.146479	0.60014	78.1773	1.19894	-1.74331	0.958257
90	0.580525	-0.142808	0.597832	78.7752	1.19894	-1.74331	0.958257
91	0.579097	-0.139203	0.595593	79.3708	1.19894	-1.74331	0.958257
92	0.577705	-0.135663	0.59342	79.9642	1.19894	-1.74331	0.958257
93	0.576348	-0.132186	0.591313	80.5555	1.19894	-1.74331	0.958257
94	0.575026	-0.128772	0.589269	81.1448	1.19894	-1.74331	0.958257
95	0.573739	-0.125419	0.587287	81.7321	1.19894	-1.74331	0.958257
96	0.572485	-0.122127	0.585366	82.3174	1.19894	-1.74331	0.958257
97	0.571263	-0.118893	0.583504	82.9009	1.19894	-1.74331	0.958257
98	0.570074	-0.115717	0.5817	83.4826	1.19894	-1.74331	0.958257
99	0.568917	-0.112598	0.579953	84.0626	1.19894	-1.74331	0.958257


t	x[0]	x[1]	P	theta[0]	theta[1]	theta[2]
0	0.99	-0.980568	1.39342	1.39342	1.19894	-1.74431	0.959257
1	0.980194	-0.961502	1.37305	2.76647	1.19894	-1.74431	0.959257
2	0.970579	-0.942796	1.3531	4.11957	1.19894	-1.74431	0.959257
3	0.961151	-0.924442	1.33357	5.45314	1.19894	-1.74431	0.959257
4	0.951907	-0.906433	1.31444	6.76758	1.19894	-1.74431	0.959257
5	0.942843	-0.888763	1.29571	8.06328	1.19894	-1.74431	0.959257
6	0.933955	-0.871425	1.27736	9.34064	1.19894	-1.74431	0.959257
7	0.925241	-0.854412	1.2594	10.6	1.19894	-1.74431	0.959257
8	0.916697	-0.837718	1.24181	11.8419	1.19894	-1.74431	0.959257
9	0.908319	-0.821336	1.2246	13.0665	1.19894	-1.74431	0.959257
10	0.900106	-0.805261	1.20774	14.2742	1.19894	-1.74431	0.959257
11	0.892053	-0.789486	1.19124	15.4654	1.19894	-1.74431	0.959257
12	0.884159	-0.774006	1.17508	16.6405	1.19894	-1.74431	0.959257
13	0.876419	-0.758815	1.15927	17.7998	1.19894	-1.74431	0.959257
14	0.86883	-0.743907	1.14379	18.9436	1.19894	-1.74431	0.959257
15	0.861391	-0.729277	1.12865	20.0722	1.19894	-1.74431	0.959257
16	0.854099	-0.714919	1.11382	21.186	1.19894	-1.74431	0.959257
17	0.846949	-0.700829	1.09931	22.2854	1.19894	-1.74431	0.959257
18	0.839941	-0.687	1.08511	23.3705	1.19894	-1.74431	0.959257
19	0.833071	-0.673428	1.07122	24.4417	1.19894	-1.74431	0.959257
20	0.826337	-0.660108	1.05763	25.4993	1.19894	-1.74431	0.959257
21	0.819736	-0.647035	1.04433	26.5436	1.19894	-1.74431	0.959257
22	0.813265	-0.634204	1.03132	27.575	1.19894	-1.74431	0.959257
23	0.806923	-0.621611	1.01859	28.5936	1.19894	-1.74431	0.959257
24	0.800707	-0.609252	1.00614	29.5997	1.19894	-1.74431	0.959257
25	0.794615	-0.59712	0.993964	30.5937	1.19894	-1.74431	0.959257
26	0.788643	-0.585214	0.982056	31.5757	1.19894	-1.74431	0.959257
27	0.782791	-0.573527	0.97041	32.5461	1.19894	-1.74431	0.959257
28	0.777056	-0.562056	0.959022	33.5051	1.19894	-1.74431	0.959257
29	0.771436	-0.550797	0.947887	34.453	1.19894	-1.74431	0.959257
30	0.765928	-0.539746	0.937001	35.39	1.19894	-1.74431	0.959257
31	0.76053	-0.528898	0.926358	36.3164	1.19894	-1.74431	0.959257
32	0.755241	-0.51825	0.915954	37.2323	1.19894	-1.74431	0.959257
33	0.750059	-0.507798	0.905785	38.1381	1.19894	-1.74431	0.959257
34	0.744981	-0.497539	0.895847	39.034	1.19894	-1.74431	0.959257
35	0.740005	-0.487469	0.886134	39.9201	1.19894	-1.74431	0.959257
36	0.735131	-0.477583	0.876643	40.7968	1.19894	-1.74431	0.959257
37	0.730355	-0.46788	0.867369	41.6641	1.19894	-1.74431	0.959257
38	0.725676	-0.458355	0.858309	42.5224	1.19894	-1.74431	0.959257
39	0.721092	-0.449004	0.849458	43.3719	1.19894	-1.74431	0.959257
40	0.716602	-0.439825	0.840812	44.2127	1.19894	-1.74431	0.959257
41	0.712204	-0.430815	0.832368	45.0451	1.19894	-1.74431	0.959257
42	0.707896	-0.42197	0.824121	45.8692	1.19894	-1.74431	0.959257
43	0.703676	-0.413287	0.816068	46.6853	1.19894	-1.74431	0.959257
44	0.699543	-0.404763	0.808204	47.4935	1.19894	-1.74431	0.959257
45	0.695496	-0.396395	0.800527	48.294	1.19894	-1.74431	0.959257
46	0.691532	-0.388181	0.793032	49.087	1.19894	-1.74431	0.959257
47	0.68765	-0.380116	0.785717	49.8727	1.19894	-1.74431	0.959257
48	0.683849	-0.3722	0.778577	50.6513	1.19894	-1.74431	0.959257
49	0.680127	-0.364428	0.771609	51.4229	1.19894	-1.74431	0.959257
50	0.676483	-0.356798	0.764809	52.1877	1.19894	-1.74431	0.959257
51	0.672915	-0.349307	0.758175	52.9459	1.19894	-1.74431	0.959257
52	0.669421	-0.341953	0.751703	53.6976	1.19894	-1.74431	0.959257
53	0.666002	-0.334734	0.745389	54.443	1.19894	-1.74431	0.959257
54	0.662655	-0.327646	0.739231	55.1822	1.19894	-1.74431	0.959257
55	0.659378	-0.320687	0.733226	55.9155	1.19894	-1.74431	0.959257
56	0.656171	-0.313855	0.727369	56.6428	1.19894	-1.74431	0.959257
57	0.653033	-0.307148	0.721659	57.3645	1.19894	-1.74431	0.959257
58	0.649961	-0.300563	0.716092	58.0806	1.19894	-1.74431	0.959257
59	0.646956	-0.294098	0.710665	58.7912	1.19894	-1.74431	0.959257
60	0.644015	-0.287751	0.705376	59.4966	1.19894	-1.74431	0.959257
61	0.641137	-0.281519	0.700221	60.1968	1.19894	-1.74431	0.959257
62	0.638322	-0.275401	0.695198	60.892	1.19894	-1.74431	0.959257
63	0.635568	-0.269393	0.690304	61.5823	1.19894	-1.74431	0.959257
64	0.632874	-0.263495	0.685536	62.2679	1.19894	-1.74431	0.959257
65	0.630239	-0.257704	0.680891	62.9488	1.19894	-1.74431	0.959257
66	0.627662	-0.252019	0.676368	63.6251	1.19894	-1.74431	0.959257
67	0.625142	-0.246436	0.671962	64.2971	1.19894	-1.74431	0.959257
68	0.622677	-0.240955	0.667673	64.9648	1.19894	-1.74431	0.959257
69	0.620268	-0.235574	0.663496	65.6283	1.19894	-1.74431	0.959257
70	0.617912	-0.230289	0.659431	66.2877	1.19894	-1.74431	0.959257
71	0.615609	-0.225101	0.655473	66.9432	1.19894	-1.74431	0.959257
72	0.613358	-0.220007	0.651622	67.5948	1.19894	-1.74431	0.959257
73	0.611158	-0.215005	0.647875	68.2427	1.19894	-1.74431	0.959257
74	0.609008	-0.210094	0.644228	68.8869	1.19894	-1.74431	0.959257
75	0.606907	-0.205271	0.640681	69.5276	1.19894	-1.74431	0.959257
76	0.604854	-0.200536	0.637231	70.1648	1.19894	-1.74431	0.959257
77	0.602849	-0.195887	0.633876	70.7987	1.19894	-1.74431	0.959257
78	0.60089	-0.191321	0.630613	71.4293	1.19894	-1.74431	0.959257
79	0.598977	-0.186839	0.627441	72.0567	1.19894	-1.74431	0.959257
80	0.597109	-0.182437	0.624357	72.6811	1.19894	-1.74431	0.959257
81	0.595284	-0.178114	0.62136	73.3025	1.19894	-1.74431	0.959257
82	0.593503	-0.17387	0.618447	73.9209	1.19894	-1.74431	0.959257
83	0.591764	-0.169702	0.615617	74.5365	1.19894	-1.74431	0.959257
84	0.590067	-0.16561	0.612867	75.1494	1.19894	-1.74431	0.959257
85	0.588411	-0.161591	0.610196	75.7596	1.19894	-1.74431	0.959257
86	0.586795	-0.157645	0.607603	76.3672	1.19894	-1.74431	0.959257
87	0.585219	-0.15377	0.605084	76.9723	1.19894	-1.74431	0.959257
88	0.583681	-0.149965	0.602639	77.5749	1.19894	-1.74431	0.959257
89	0.582182	-0.146228	0.600265	78.1752	1.19894	-1.74431	0.959257
90	0.580719	-0.142559	0.597961	78.7731	1.19894	-1.74431	0.959257
91	0.579294	-0.138955	0.595726	79.3689	1.19894	-1.74431	0.959257
92	0.577904	-0.135416	0.593558	79.9624	1.19894	-1.74431	0.959257
93	0.57655	-0.131941	0.591455	80.5539	1.19894	-1.74431	0.959257
94	0.575231	-0.128529	0.589415	81.1433	1.19894	-1.74431	0.959257
95	0.573945	-0.125178	0.587437	81.7307	1.19894	-1.74431	0.959257
96	0.572694	-0.121887	0.58552	82.3162	1.19894	-1.74431	0.959257
97	0.571475	-0.118654	0.583663	82.8999	1.19894	-1.74431	0.959257
98	0.570288	-0.11548	0.581863	83.4818	1.19894	-1.74431	0.959257
99	0.569133	-0.112363	0.580119	84.0619	1.19894	-1.74431	0.959257
