
Current theta : [ 1.1581 , -1.72346 , 0.947016 ] 


t	x[0]	x[1]	P	theta[0]	theta[1]	theta[2]
0	0.99	-0.981184	1.39385	1.39385	1.1581	-1.72346	0.947016
1	0.980188	-0.962719	1.3739	2.76775	1.1581	-1.72346	0.947016
2	0.970561	-0.944597	1.35435	4.1221	1.1581	-1.72346	0.947016
3	0.961115	-0.926812	1.33519	5.45728	1.1581	-1.72346	0.947016
4	0.951847	-0.909357	1.31641	6.7737	1.1581	-1.72346	0.947016
5	0.942753	-0.892225	1.29802	8.07171	1.1581	-1.72346	0.947016
6	0.933831	-0.87541	1.27999	9.35171	1.1581	-1.72346	0.947016
7	0.925077	-0.858906	1.26233	10.614	1.1581	-1.72346	0.947016
8	0.916488	-0.842706	1.24503	11.8591	1.1581	-1.72346	0.947016
9	0.908061	-0.826805	1.22808	13.0872	1.1581	-1.72346	0.947016
10	0.899793	-0.811196	1.21147	14.2986	1.1581	-1.72346	0.947016
11	0.891681	-0.795875	1.1952	15.4938	1.1581	-1.72346	0.947016
12	0.883722	-0.780835	1.17927	16.6731	1.1581	-1.72346	0.947016
13	0.875914	-0.766071	1.16365	17.8367	1.1581	-1.72346	0.947016
14	0.868253	-0.751578	1.14836	18.9851	1.1581	-1.72346	0.947016
15	0.860737	-0.73735	1.13338	20.1185	1.1581	-1.72346	0.947016
16	0.853364	-0.723382	1.11871	21.2372	1.1581	-1.72346	0.947016
17	0.84613	-0.70967	1.10434	22.3415	1.1581	-1.72346	0.947016
18	0.839033	-0.696208	1.09027	23.4318	1.1581	-1.72346	0.947016
19	0.832071	-0.682992	1.07649	24.5083	1.1581	-1.72346	0.947016
20	0.825241	-0.670017	1.06299	25.5713	1.1581	-1.72346	0.947016
21	0.818541	-0.657278	1.04977	26.6211	1.1581	-1.72346	0.947016
22	0.811968	-0.644771	1.03683	27.6579	1.1581	-1.72346	0.947016
23	0.805521	-0.632491	1.02416	28.682	1.1581	-1.72346	0.947016
24	0.799196	-0.620435	1.01176	29.6938	1.1581	-1.72346	0.947016
25	0.792991	-0.608597	0.999613	30.6934	1.1581	-1.72346	0.947016
26	0.786905	-0.596974	0.987724	31.6811	1.1581	-1.72346	0.947016
27	0.780936	-0.585562	0.976085	32.6572	1.1581	-1.72346	0.947016
28	0.77508	-0.574356	0.964694	33.6219	1.1581	-1.72346	0.947016
29	0.769336	-0.563353	0.953544	34.5755	1.1581	-1.72346	0.947016
30	0.763703	-0.55255	0.942631	35.5181	1.1581	-1.72346	0.947016
31	0.758177	-0.541941	0.931951	36.45	1.1581	-1.72346	0.947016
32	0.752758	-0.531525	0.9215	37.3715	1.1581	-1.72346	0.947016
33	0.747443	-0.521296	0.911274	38.2828	1.1581	-1.72346	0.947016
34	0.74223	-0.511252	0.901268	39.1841	1.1581	-1.72346	0.947016
35	0.737117	-0.501389	0.891478	40.0756	1.1581	-1.72346	0.947016
36	0.732103	-0.491704	0.8819	40.9575	1.1581	-1.72346	0.947016
37	0.727186	-0.482193	0.872531	41.83	1.1581	-1.72346	0.947016
38	0.722364	-0.472853	0.863366	42.6934	1.1581	-1.72346	0.947016
39	0.717636	-0.463681	0.854401	43.5478	1.1581	-1.72346	0.947016
40	0.712999	-0.454675	0.845634	44.3934	1.1581	-1.72346	0.947016
41	0.708452	-0.44583	0.83706	45.2305	1.1581	-1.72346	0.947016
42	0.703994	-0.437143	0.828675	46.0591	1.1581	-1.72346	0.947016
43	0.699623	-0.428613	0.820476	46.8796	1.1581	-1.72346	0.947016
44	0.695336	-0.420236	0.81246	47.6921	1.1581	-1.72346	0.947016
45	0.691134	-0.412009	0.804623	48.4967	1.1581	-1.72346	0.947016
46	0.687014	-0.40393	0.796961	49.2937	1.1581	-1.72346	0.947016
47	0.682975	-0.395995	0.789472	50.0831	1.1581	-1.72346	0.947016
48	0.679015	-0.388202	0.782152	50.8653	1.1581	-1.72346	0.947016
49	0.675133	-0.380549	0.774998	51.6403	1.1581	-1.72346	0.947016
50	0.671327	-0.373033	0.768006	52.4083	1.1581	-1.72346	0.947016
51	0.667597	-0.365651	0.761174	53.1695	1.1581	-1.72346	0.947016
52	0.66394	-0.358401	0.754499	53.924	1.1581	-1.72346	0.947016
53	0.660356	-0.351281	0.747976	54.6719	1.1581	-1.72346	0.947016
54	0.656844	-0.344288	0.741605	55.4135	1.1581	-1.72346	0.947016
55	0.653401	-0.337419	0.73538	56.1489	1.1581	-1.72346	0.947016
56	0.650027	-0.330673	0.729301	56.8782	1.1581	-1.72346	0.947016
57	0.64672	-0.324048	0.723363	57.6016	1.1581	-1.72346	0.947016
58	0.643479	-0.31754	0.717564	58.3191	1.1581	-1.72346	0.947016
59	0.640304	-0.311149	0.711901	59.031	1.1581	-1.72346	0.947016
60	0.637192	-0.304871	0.706372	59.7374	1.1581	-1.72346	0.947016
61	0.634144	-0.298706	0.700973	60.4384	1.1581	-1.72346	0.947016
62	0.631157	-0.29265	0.695703	61.1341	1.1581	-1.72346	0.947016
63	0.62823	-0.286701	0.690558	61.8247	1.1581	-1.72346	0.947016
64	0.625363	-0.280859	0.685537	62.5102	1.1581	-1.72346	0.947016
65	0.622555	-0.27512	0.680636	63.1908	1.1581	-1.72346	0.947016
66	0.619803	-0.269484	0.675853	63.8667	1.1581	-1.72346	0.947016
67	0.617108	-0.263947	0.671186	64.5379	1.1581	-1.72346	0.947016
68	0.614469	-0.258509	0.666633	65.2045	1.1581	-1.72346	0.947016
69	0.611884	-0.253168	0.66219	65.8667	1.1581	-1.72346	0.947016
70	0.609352	-0.247921	0.657856	66.5245	1.1581	-1.72346	0.947016
71	0.606873	-0.242767	0.653629	67.1782	1.1581	-1.72346	0.947016
72	0.604445	-0.237705	0.649506	67.8277	1.1581	-1.72346	0.947016
73	0.602068	-0.232733	0.645485	68.4732	1.1581	-1.72346	0.947016
74	0.599741	-0.227849	0.641564	69.1147	1.1581	-1.72346	0.947016
75	0.597462	-0.223051	0.637741	69.7525	1.1581	-1.72346	0.947016
76	0.595232	-0.218338	0.634013	70.3865	1.1581	-1.72346	0.947016
77	0.593049	-0.213709	0.630379	71.0169	1.1581	-1.72346	0.947016
78	0.590912	-0.209161	0.626837	71.6437	1.1581	-1.72346	0.947016
79	0.58882	-0.204694	0.623385	72.2671	1.1581	-1.72346	0.947016
80	0.586773	-0.200307	0.62002	72.8871	1.1581	-1.72346	0.947016
81	0.58477	-0.195996	0.616742	73.5038	1.1581	-1.72346	0.947016
82	0.58281	-0.191762	0.613547	74.1174	1.1581	-1.72346	0.947016
83	0.580892	-0.187603	0.610435	74.7278	1.1581	-1.72346	0.947016
84	0.579016	-0.183517	0.607403	75.3352	1.1581	-1.72346	0.947016
85	0.577181	-0.179503	0.60445	75.9397	1.1581	-1.72346	0.947016
86	0.575386	-0.175561	0.601574	76.5413	1.1581	-1.72346	0.947016
87	0.57363	-0.171688	0.598773	77.14	1.1581	-1.72346	0.947016
88	0.571914	-0.167883	0.596045	77.7361	1.1581	-1.72346	0.947016
89	0.570235	-0.164145	0.59339	78.3295	1.1581	-1.72346	0.947016
90	0.568593	-0.160473	0.590805	78.9203	1.1581	-1.72346	0.947016
91	0.566989	-0.156866	0.588288	79.5086	1.1581	-1.72346	0.947016
92	0.56542	-0.153323	0.585839	80.0944	1.1581	-1.72346	0.947016
93	0.563887	-0.149841	0.583456	80.6778	1.1581	-1.72346	0.947016
94	0.562388	-0.146422	0.581137	81.259	1.1581	-1.72346	0.947016
95	0.560924	-0.143062	0.57888	81.8379	1.1581	-1.72346	0.947016
96	0.559493	-0.139762	0.576686	82.4145	1.1581	-1.72346	0.947016
97	0.558096	-0.136519	0.574551	82.9891	1.1581	-1.72346	0.947016
98	0.556731	-0.133334	0.572474	83.5616	1.1581	-1.72346	0.947016
99	0.555397	-0.130204	0.570455	84.132	1.1581	-1.72346	0.947016


t	x[0]	x[1]	P	theta[0]	theta[1]	theta[2]
0	0.99	-0.981174	1.39384	1.39384	1.1591	-1.72346	0.947016
1	0.980188	-0.9627	1.37388	2.76773	1.1591	-1.72346	0.947016
2	0.970561	-0.944568	1.35433	4.12206	1.1591	-1.72346	0.947016
3	0.961116	-0.926774	1.33516	5.45722	1.1591	-1.72346	0.947016
4	0.951848	-0.90931	1.31638	6.7736	1.1591	-1.72346	0.947016
5	0.942755	-0.892169	1.29798	8.07158	1.1591	-1.72346	0.947016
6	0.933833	-0.875345	1.27995	9.35153	1.1591	-1.72346	0.947016
7	0.92508	-0.858833	1.26229	10.6138	1.1591	-1.72346	0.947016
8	0.916491	-0.842625	1.24498	11.8588	1.1591	-1.72346	0.947016
9	0.908065	-0.826716	1.22802	13.0868	1.1591	-1.72346	0.947016
10	0.899798	-0.8111	1.21141	14.2982	1.1591	-1.72346	0.947016
11	0.891687	-0.795771	1.19514	15.4934	1.1591	-1.72346	0.947016
12	0.883729	-0.780724	1.1792	16.6726	1.1591	-1.72346	0.947016
13	0.875922	-0.765953	1.16358	17.8361	1.1591	-1.72346	0.947016
14	0.868262	-0.751453	1.14829	18.9844	1.1591	-1.72346	0.947016
15	0.860748	-0.737219	1.1333	20.1177	1.1591	-1.72346	0.947016
16	0.853376	-0.723245	1.11863	21.2364	1.1591	-1.72346	0.947016
17	0.846143	-0.709527	1.10426	22.3406	1.1591	-1.72346	0.947016
18	0.839048	-0.696059	1.09018	23.4308	1.1591	-1.72346	0.947016
19	0.832087	-0.682837	1.0764	24.5072	1.1591	-1.72346	0.947016
20	0.825259	-0.669856	1.0629	25.5701	1.1591	-1.72346	0.947016
21	0.81856	-0.657111	1.04968	26.6198	1.1591	-1.72346	0.947016
22	0.811989	-0.644599	1.03674	27.6565	1.1591	-1.72346	0.947016
23	0.805543	-0.632314	1.02407	28.6806	1.1591	-1.72346	0.947016
24	0.79922	-0.620252	1.01166	29.6923	1.1591	-1.72346	0.947016
25	0.793018	-0.60841	0.999519	30.6918	1.1591	-1.72346	0.947016
26	0.786934	-0.596782	0.98763	31.6794	1.1591	-1.72346	0.947016
27	0.780966	-0.585365	0.975992	32.6554	1.1591	-1.72346	0.947016
28	0.775112	-0.574155	0.9646	33.62	1.1591	-1.72346	0.947016
29	0.769371	-0.563148	0.95345	34.5735	1.1591	-1.72346	0.947016
30	0.763739	-0.55234	0.942537	35.516	1.1591	-1.72346	0.947016
31	0.758216	-0.541727	0.931858	36.4479	1.1591	-1.72346	0.947016
32	0.752798	-0.531307	0.921408	37.3693	1.1591	-1.72346	0.947016
33	0.747485	-0.521074	0.911182	38.2804	1.1591	-1.72346	0.947016
34	0.742275	-0.511026	0.901177	39.1816	1.1591	-1.72346	0.947016
35	0.737164	-0.501159	0.891388	40.073	1.1591	-1.72346	0.947016
36	0.732153	-0.49147	0.881811	40.9548	1.1591	-1.72346	0.947016
37	0.727238	-0.481956	0.872443	41.8273	1.1591	-1.72346	0.947016
38	0.722418	-0.472613	0.86328	42.6905	1.1591	-1.72346	0.947016
39	0.717692	-0.463438	0.854317	43.5449	1.1591	-1.72346	0.947016
40	0.713058	-0.454428	0.845551	44.3904	1.1591	-1.72346	0.947016
41	0.708514	-0.44558	0.836979	45.2274	1.1591	-1.72346	0.947016
42	0.704058	-0.436891	0.828596	46.056	1.1591	-1.72346	0.947016
43	0.699689	-0.428358	0.8204	46.8764	1.1591	-1.72346	0.947016
44	0.695405	-0.419978	0.812386	47.6888	1.1591	-1.72346	0.947016
45	0.691206	-0.411749	0.804551	48.4933	1.1591	-1.72346	0.947016
46	0.687088	-0.403666	0.796892	49.2902	1.1591	-1.72346	0.947016
47	0.683051	-0.395729	0.789405	50.0796	1.1591	-1.72346	0.947016
48	0.679094	-0.387934	0.782088	50.8617	1.1591	-1.72346	0.947016
49	0.675215	-0.380279	0.774937	51.6366	1.1591	-1.72346	0.947016
50	0.671412	-0.37276	0.767948	52.4046	1.1591	-1.72346	0.947016
51	0.667684	-0.365376	0.761119	53.1657	1.1591	-1.72346	0.947016
52	0.664031	-0.358124	0.754446	53.9202	1.1591	-1.72346	0.947016
53	0.660449	-0.351001	0.747927	54.6681	1.1591	-1.72346	0.947016
54	0.656939	-0.344006	0.741559	55.4096	1.1591	-1.72346	0.947016
55	0.653499	-0.337136	0.735338	56.145	1.1591	-1.72346	0.947016
56	0.650128	-0.330388	0.729262	56.8742	1.1591	-1.72346	0.947016
57	0.646824	-0.32376	0.723327	57.5976	1.1591	-1.72346	0.947016
58	0.643587	-0.317251	0.717532	58.3151	1.1591	-1.72346	0.947016
59	0.640414	-0.310858	0.711873	59.027	1.1591	-1.72346	0.947016
60	0.637305	-0.304579	0.706347	59.7333	1.1591	-1.72346	0.947016
61	0.63426	-0.298411	0.700953	60.4343	1.1591	-1.72346	0.947016
62	0.631276	-0.292354	0.695686	61.13	1.1591	-1.72346	0.947016
63	0.628352	-0.286404	0.690546	61.8205	1.1591	-1.72346	0.947016
64	0.625488	-0.28056	0.685528	62.506	1.1591	-1.72346	0.947016
65	0.622682	-0.27482	0.680632	63.1867	1.1591	-1.72346	0.947016
66	0.619934	-0.269182	0.675853	63.8625	1.1591	-1.72346	0.947016
67	0.617242	-0.263644	0.67119	64.5337	1.1591	-1.72346	0.947016
68	0.614606	-0.258205	0.666641	65.2004	1.1591	-1.72346	0.947016
69	0.612024	-0.252862	0.662203	65.8626	1.1591	-1.72346	0.947016
70	0.609495	-0.247614	0.657873	66.5204	1.1591	-1.72346	0.947016
71	0.607019	-0.24246	0.65365	67.1741	1.1591	-1.72346	0.947016
72	0.604594	-0.237396	0.649532	67.8236	1.1591	-1.72346	0.947016
73	0.602221	-0.232423	0.645515	68.4691	1.1591	-1.72346	0.947016
74	0.599896	-0.227537	0.641599	69.1107	1.1591	-1.72346	0.947016
75	0.597621	-0.222739	0.63778	69.7485	1.1591	-1.72346	0.947016
76	0.595394	-0.218025	0.634057	70.3826	1.1591	-1.72346	0.947016
77	0.593213	-0.213395	0.630428	71.013	1.1591	-1.72346	0.947016
78	0.591079	-0.208846	0.62689	71.6399	1.1591	-1.72346	0.947016
79	0.588991	-0.204379	0.623443	72.2633	1.1591	-1.72346	0.947016
80	0.586947	-0.19999	0.620083	72.8834	1.1591	-1.72346	0.947016
81	0.584947	-0.195679	0.616809	73.5002	1.1591	-1.72346	0.947016
82	0.58299	-0.191444	0.613619	74.1138	1.1591	-1.72346	0.947016
83	0.581076	-0.187284	0.610512	74.7243	1.1591	-1.72346	0.947016
84	0.579203	-0.183197	0.607485	75.3318	1.1591	-1.72346	0.947016
85	0.577371	-0.179183	0.604536	75.9364	1.1591	-1.72346	0.947016
86	0.575579	-0.17524	0.601665	76.538	1.1591	-1.72346	0.947016
87	0.573827	-0.171366	0.598869	77.1369	1.1591	-1.72346	0.947016
88	0.572113	-0.16756	0.596146	77.733	1.1591	-1.72346	0.947016
89	0.570438	-0.163822	0.593495	78.3265	1.1591	-1.72346	0.947016
90	0.568799	-0.16015	0.590915	78.9175	1.1591	-1.72346	0.947016
91	0.567198	-0.156542	0.588404	79.5059	1.1591	-1.72346	0.947016
92	0.565633	-0.152998	0.585959	80.0918	1.1591	-1.72346	0.947016
93	0.564103	-0.149516	0.583581	80.6754	1.1591	-1.72346	0.947016
94	0.562607	-0.146096	0.581267	81.2567	1.1591	-1.72346	0.947016
95	0.561146	-0.142736	0.579015	81.8357	1.1591	-1.72346	0.947016
96	0.559719	-0.139435	0.576825	82.4125	1.1591	-1.72346	0.947016
97	0.558325	-0.136192	0.574695	82.9872	1.1591	-1.72346	0.947016
98	0.556963	-0.133006	0.572624	83.5598	1.1591	-1.72346	0.947016
99	0.555633	-0.129876	0.57061	84.1304	1.1591	-1.72346	0.947016


t	x[0]	x[1]	P	theta[0]	theta[1]	theta[2]
0	0.99	-0.981194	1.39386	1.39386	1.1581	-1.72246	0.947016
1	0.980188	-0.962739	1.37391	2.76777	1.1581	-1.72246	0.947016
2	0.970561	-0.944626	1.35437	4.12214	1.1581	-1.72246	0.947016
3	0.961114	-0.92685	1.33521	5.45735	1.1581	-1.72246	0.947016
4	0.951846	-0.909403	1.31644	6.77379	1.1581	-1.72246	0.947016
5	0.942752	-0.89228	1.29805	8.07185	1.1581	-1.72246	0.947016
6	0.933829	-0.875473	1.28003	9.35188	1.1581	-1.72246	0.947016
7	0.925074	-0.858976	1.26238	10.6143	1.1581	-1.72246	0.947016
8	0.916485	-0.842784	1.24508	11.8593	1.1581	-1.72246	0.947016
9	0.908057	-0.82689	1.22813	13.0875	1.1581	-1.72246	0.947016
10	0.899788	-0.811288	1.21153	14.299	1.1581	-1.72246	0.947016
11	0.891675	-0.795973	1.19526	15.4943	1.1581	-1.72246	0.947016
12	0.883715	-0.780939	1.17933	16.6736	1.1581	-1.72246	0.947016
13	0.875906	-0.766182	1.16372	17.8373	1.1581	-1.72246	0.947016
14	0.868244	-0.751694	1.14843	18.9858	1.1581	-1.72246	0.947016
15	0.860727	-0.737472	1.13345	20.1192	1.1581	-1.72246	0.947016
16	0.853352	-0.72351	1.11878	21.238	1.1581	-1.72246	0.947016
17	0.846117	-0.709802	1.10442	22.3424	1.1581	-1.72246	0.947016
18	0.839019	-0.696346	1.09034	23.4327	1.1581	-1.72246	0.947016
19	0.832056	-0.683134	1.07656	24.5093	1.1581	-1.72246	0.947016
20	0.825224	-0.670163	1.06307	25.5724	1.1581	-1.72246	0.947016
21	0.818523	-0.657428	1.04985	26.6222	1.1581	-1.72246	0.947016
22	0.811949	-0.644925	1.03691	27.6591	1.1581	-1.72246	0.947016
23	0.805499	-0.63265	1.02424	28.6834	1.1581	-1.72246	0.947016
24	0.799173	-0.620597	1.01184	29.6952	1.1581	-1.72246	0.947016
25	0.792967	-0.608762	0.999694	30.6949	1.1581	-1.72246	0.947016
26	0.786879	-0.597143	0.987805	31.6827	1.1581	-1.72246	0.947016
27	0.780908	-0.585734	0.976166	32.6589	1.1581	-1.72246	0.947016
28	0.77505	-0.574531	0.964774	33.6237	1.1581	-1.72246	0.947016
29	0.769305	-0.563531	0.953624	34.5773	1.1581	-1.72246	0.947016
30	0.76367	-0.55273	0.94271	35.52	1.1581	-1.72246	0.947016
31	0.758143	-0.542124	0.93203	36.452	1.1581	-1.72246	0.947016
32	0.752721	-0.53171	0.921577	37.3736	1.1581	-1.72246	0.947016
33	0.747404	-0.521484	0.91135	38.285	1.1581	-1.72246	0.947016
34	0.742189	-0.511442	0.901342	39.1863	1.1581	-1.72246	0.947016
35	0.737075	-0.501581	0.891551	40.0779	1.1581	-1.72246	0.947016
36	0.732059	-0.491897	0.881971	40.9598	1.1581	-1.72246	0.947016
37	0.72714	-0.482388	0.8726	41.8324	1.1581	-1.72246	0.947016
38	0.722316	-0.47305	0.863433	42.6959	1.1581	-1.72246	0.947016
39	0.717586	-0.46388	0.854467	43.5503	1.1581	-1.72246	0.947016
40	0.712947	-0.454874	0.845697	44.396	1.1581	-1.72246	0.947016
41	0.708398	-0.446031	0.837121	45.2331	1.1581	-1.72246	0.947016
42	0.703938	-0.437346	0.828734	46.0619	1.1581	-1.72246	0.947016
43	0.699564	-0.428817	0.820533	46.8824	1.1581	-1.72246	0.947016
44	0.695276	-0.42044	0.812514	47.6949	1.1581	-1.72246	0.947016
45	0.691072	-0.412214	0.804674	48.4996	1.1581	-1.72246	0.947016
46	0.68695	-0.404136	0.79701	49.2966	1.1581	-1.72246	0.947016
47	0.682908	-0.396202	0.789519	50.0861	1.1581	-1.72246	0.947016
48	0.678946	-0.388409	0.782196	50.8683	1.1581	-1.72246	0.947016
49	0.675062	-0.380757	0.775039	51.6434	1.1581	-1.72246	0.947016
50	0.671255	-0.373241	0.768044	52.4114	1.1581	-1.72246	0.947016
51	0.667522	-0.365859	0.761209	53.1726	1.1581	-1.72246	0.947016
52	0.663864	-0.35861	0.75453	53.9271	1.1581	-1.72246	0.947016
53	0.660278	-0.35149	0.748005	54.6751	1.1581	-1.72246	0.947016
54	0.656763	-0.344496	0.74163	55.4168	1.1581	-1.72246	0.947016
55	0.653318	-0.337628	0.735402	56.1522	1.1581	-1.72246	0.947016
56	0.649941	-0.330882	0.72932	56.8815	1.1581	-1.72246	0.947016
57	0.646633	-0.324257	0.723378	57.6049	1.1581	-1.72246	0.947016
58	0.64339	-0.317749	0.717576	58.3225	1.1581	-1.72246	0.947016
59	0.640213	-0.311358	0.71191	59.0344	1.1581	-1.72246	0.947016
60	0.637099	-0.30508	0.706377	59.7407	1.1581	-1.72246	0.947016
61	0.634048	-0.298914	0.700975	60.4417	1.1581	-1.72246	0.947016
62	0.631059	-0.292857	0.695702	61.1374	1.1581	-1.72246	0.947016
63	0.62813	-0.286909	0.690554	61.828	1.1581	-1.72246	0.947016
64	0.625261	-0.281066	0.685529	62.5135	1.1581	-1.72246	0.947016
65	0.622451	-0.275327	0.680624	63.1941	1.1581	-1.72246	0.947016
66	0.619697	-0.269689	0.675838	63.87	1.1581	-1.72246	0.947016
67	0.617001	-0.264152	0.671168	64.5411	1.1581	-1.72246	0.947016
68	0.614359	-0.258714	0.666611	65.2077	1.1581	-1.72246	0.947016
69	0.611772	-0.253372	0.662165	65.8699	1.1581	-1.72246	0.947016
70	0.609238	-0.248124	0.657827	66.5277	1.1581	-1.72246	0.947016
71	0.606757	-0.24297	0.653596	67.1813	1.1581	-1.72246	0.947016
72	0.604327	-0.237907	0.64947	67.8308	1.1581	-1.72246	0.947016
73	0.601948	-0.232934	0.645445	68.4762	1.1581	-1.72246	0.947016
74	0.599619	-0.228048	0.641521	69.1178	1.1581	-1.72246	0.947016
75	0.597338	-0.22325	0.637694	69.7555	1.1581	-1.72246	0.947016
76	0.595106	-0.218536	0.633963	70.3894	1.1581	-1.72246	0.947016
77	0.592921	-0.213906	0.630326	71.0198	1.1581	-1.72246	0.947016
78	0.590781	-0.209357	0.62678	71.6465	1.1581	-1.72246	0.947016
79	0.588688	-0.20489	0.623324	72.2699	1.1581	-1.72246	0.947016
80	0.586639	-0.200501	0.619956	72.8898	1.1581	-1.72246	0.947016
81	0.584634	-0.196189	0.616674	73.5065	1.1581	-1.72246	0.947016
82	0.582672	-0.191954	0.613476	74.12	1.1581	-1.72246	0.947016
83	0.580753	-0.187794	0.610361	74.7303	1.1581	-1.72246	0.947016
84	0.578875	-0.183707	0.607325	75.3376	1.1581	-1.72246	0.947016
85	0.577038	-0.179692	0.604369	75.942	1.1581	-1.72246	0.947016
86	0.575241	-0.175748	0.601489	76.5435	1.1581	-1.72246	0.947016
87	0.573483	-0.171874	0.598685	77.1422	1.1581	-1.72246	0.947016
88	0.571764	-0.168068	0.595954	77.7381	1.1581	-1.72246	0.947016
89	0.570084	-0.164329	0.593295	78.3314	1.1581	-1.72246	0.947016
90	0.56844	-0.160656	0.590707	78.9221	1.1581	-1.72246	0.947016
91	0.566834	-0.157048	0.588188	79.5103	1.1581	-1.72246	0.947016
92	0.565263	-0.153503	0.585735	80.0961	1.1581	-1.72246	0.947016
93	0.563728	-0.150021	0.583349	80.6794	1.1581	-1.72246	0.947016
94	0.562228	-0.1466	0.581027	81.2604	1.1581	-1.72246	0.947016
95	0.560762	-0.143239	0.578767	81.8392	1.1581	-1.72246	0.947016
96	0.55933	-0.139937	0.576569	82.4158	1.1581	-1.72246	0.947016
97	0.55793	-0.136693	0.574431	82.9902	1.1581	-1.72246	0.947016
98	0.556563	-0.133507	0.572352	83.5626	1.1581	-1.72246	0.947016
99	0.555228	-0.130376	0.57033	84.1329	1.1581	-1.72246	0.947016


t	x[0]	x[1]	P	theta[0]	theta[1]	theta[2]
0	0.99	-0.981184	1.39385	1.39385	1.1581	-1.72346	0.948016
1	0.980188	-0.962719	1.3739	2.76775	1.1581	-1.72346	0.948016
2	0.970561	-0.944597	1.35435	4.1221	1.1581	-1.72346	0.948016
3	0.961115	-0.926811	1.33519	5.45728	1.1581	-1.72346	0.948016
4	0.951847	-0.909355	1.31641	6.77369	1.1581	-1.72346	0.948016
5	0.942753	-0.892222	1.29802	8.07171	1.1581	-1.72346	0.948016
6	0.933831	-0.875406	1.27999	9.3517	1.1581	-1.72346	0.948016
7	0.925077	-0.858901	1.26233	10.614	1.1581	-1.72346	0.948016
8	0.916488	-0.8427	1.24503	11.8591	1.1581	-1.72346	0.948016
9	0.908061	-0.826798	1.22808	13.0871	1.1581	-1.72346	0.948016
10	0.899793	-0.811188	1.21147	14.2986	1.1581	-1.72346	0.948016
11	0.891681	-0.795865	1.1952	15.4938	1.1581	-1.72346	0.948016
12	0.883723	-0.780824	1.17926	16.6731	1.1581	-1.72346	0.948016
13	0.875914	-0.766058	1.16365	17.8367	1.1581	-1.72346	0.948016
14	0.868254	-0.751563	1.14835	18.9851	1.1581	-1.72346	0.948016
15	0.860738	-0.737334	1.13337	20.1184	1.1581	-1.72346	0.948016
16	0.853365	-0.723365	1.1187	21.2371	1.1581	-1.72346	0.948016
17	0.846131	-0.709651	1.10433	22.3415	1.1581	-1.72346	0.948016
18	0.839035	-0.696187	1.09025	23.4317	1.1581	-1.72346	0.948016
19	0.832073	-0.682969	1.07647	24.5082	1.1581	-1.72346	0.948016
20	0.825243	-0.669993	1.06298	25.5712	1.1581	-1.72346	0.948016
21	0.818543	-0.657252	1.04976	26.6209	1.1581	-1.72346	0.948016
22	0.811971	-0.644743	1.03682	27.6577	1.1581	-1.72346	0.948016
23	0.805523	-0.632462	1.02415	28.6819	1.1581	-1.72346	0.948016
24	0.799199	-0.620403	1.01174	29.6936	1.1581	-1.72346	0.948016
25	0.792994	-0.608564	0.999595	30.6932	1.1581	-1.72346	0.948016
26	0.786909	-0.596939	0.987705	31.6809	1.1581	-1.72346	0.948016
27	0.780939	-0.585525	0.976067	32.657	1.1581	-1.72346	0.948016
28	0.775084	-0.574318	0.964674	33.6217	1.1581	-1.72346	0.948016
29	0.769341	-0.563314	0.953524	34.5752	1.1581	-1.72346	0.948016
30	0.763708	-0.552508	0.942611	35.5178	1.1581	-1.72346	0.948016
31	0.758183	-0.541898	0.931931	36.4497	1.1581	-1.72346	0.948016
32	0.752764	-0.53148	0.92148	37.3712	1.1581	-1.72346	0.948016
33	0.747449	-0.52125	0.911253	38.2825	1.1581	-1.72346	0.948016
34	0.742237	-0.511204	0.901246	39.1837	1.1581	-1.72346	0.948016
35	0.737124	-0.50134	0.891456	40.0752	1.1581	-1.72346	0.948016
36	0.732111	-0.491653	0.881878	40.957	1.1581	-1.72346	0.948016
37	0.727195	-0.482141	0.872509	41.8295	1.1581	-1.72346	0.948016
38	0.722373	-0.4728	0.863344	42.6929	1.1581	-1.72346	0.948016
39	0.717645	-0.463627	0.854379	43.5473	1.1581	-1.72346	0.948016
40	0.713009	-0.454618	0.845612	44.3929	1.1581	-1.72346	0.948016
41	0.708463	-0.445772	0.837038	45.2299	1.1581	-1.72346	0.948016
42	0.704005	-0.437085	0.828653	46.0586	1.1581	-1.72346	0.948016
43	0.699634	-0.428553	0.820455	46.879	1.1581	-1.72346	0.948016
44	0.695349	-0.420175	0.812439	47.6915	1.1581	-1.72346	0.948016
45	0.691147	-0.411947	0.804602	48.4961	1.1581	-1.72346	0.948016
46	0.687027	-0.403866	0.796941	49.293	1.1581	-1.72346	0.948016
47	0.682989	-0.395931	0.789452	50.0825	1.1581	-1.72346	0.948016
48	0.679029	-0.388137	0.782132	50.8646	1.1581	-1.72346	0.948016
49	0.675148	-0.380483	0.774979	51.6396	1.1581	-1.72346	0.948016
50	0.671343	-0.372965	0.767988	52.4076	1.1581	-1.72346	0.948016
51	0.667614	-0.365583	0.761156	53.1687	1.1581	-1.72346	0.948016
52	0.663958	-0.358332	0.754481	53.9232	1.1581	-1.72346	0.948016
53	0.660374	-0.351211	0.747959	54.6712	1.1581	-1.72346	0.948016
54	0.656862	-0.344217	0.741588	55.4127	1.1581	-1.72346	0.948016
55	0.65342	-0.337347	0.735365	56.1481	1.1581	-1.72346	0.948016
56	0.650047	-0.330601	0.729286	56.8774	1.1581	-1.72346	0.948016
57	0.646741	-0.323975	0.723348	57.6007	1.1581	-1.72346	0.948016
58	0.643501	-0.317466	0.71755	58.3183	1.1581	-1.72346	0.948016
59	0.640326	-0.311074	0.711888	59.0302	1.1581	-1.72346	0.948016
60	0.637216	-0.304796	0.70636	59.7365	1.1581	-1.72346	0.948016
61	0.634168	-0.29863	0.700962	60.4375	1.1581	-1.72346	0.948016
62	0.631181	-0.292573	0.695693	61.1332	1.1581	-1.72346	0.948016
63	0.628256	-0.286624	0.690549	61.8237	1.1581	-1.72346	0.948016
64	0.625389	-0.280782	0.685529	62.5093	1.1581	-1.72346	0.948016
65	0.622581	-0.275043	0.680629	63.1899	1.1581	-1.72346	0.948016
66	0.619831	-0.269406	0.675848	63.8658	1.1581	-1.72346	0.948016
67	0.617137	-0.263869	0.671182	64.5369	1.1581	-1.72346	0.948016
68	0.614498	-0.25843	0.666629	65.2036	1.1581	-1.72346	0.948016
69	0.611914	-0.253089	0.662188	65.8658	1.1581	-1.72346	0.948016
70	0.609383	-0.247842	0.657855	66.5236	1.1581	-1.72346	0.948016
71	0.606905	-0.242688	0.653629	67.1772	1.1581	-1.72346	0.948016
72	0.604478	-0.237625	0.649507	67.8267	1.1581	-1.72346	0.948016
73	0.602102	-0.232653	0.645487	68.4722	1.1581	-1.72346	0.948016
74	0.599775	-0.227768	0.641567	69.1138	1.1581	-1.72346	0.948016
75	0.597497	-0.22297	0.637745	69.7515	1.1581	-1.72346	0.948016
76	0.595268	-0.218257	0.634019	70.3856	1.1581	-1.72346	0.948016
77	0.593085	-0.213628	0.630386	71.0159	1.1581	-1.72346	0.948016
78	0.590949	-0.20908	0.626845	71.6428	1.1581	-1.72346	0.948016
79	0.588858	-0.204613	0.623394	72.2662	1.1581	-1.72346	0.948016
80	0.586812	-0.200225	0.620031	72.8862	1.1581	-1.72346	0.948016
81	0.58481	-0.195915	0.616754	73.503	1.1581	-1.72346	0.948016
82	0.58285	-0.191681	0.61356	74.1165	1.1581	-1.72346	0.948016
83	0.580934	-0.187522	0.610449	74.727	1.1581	-1.72346	0.948016
84	0.579058	-0.183436	0.607419	75.3344	1.1581	-1.72346	0.948016
85	0.577224	-0.179423	0.604467	75.9389	1.1581	-1.72346	0.948016
86	0.57543	-0.17548	0.601592	76.5405	1.1581	-1.72346	0.948016
87	0.573675	-0.171607	0.598792	77.1392	1.1581	-1.72346	0.948016
88	0.571959	-0.167802	0.596066	77.7353	1.1581	-1.72346	0.948016
89	0.570281	-0.164065	0.593412	78.3287	1.1581	-1.72346	0.948016
90	0.56864	-0.160393	0.590828	78.9196	1.1581	-1.72346	0.948016
91	0.567036	-0.156786	0.588313	79.5079	1.1581	-1.72346	0.948016
92	0.565469	-0.153243	0.585865	80.0937	1.1581	-1.72346	0.948016
93	0.563936	-0.149762	0.583483	80.6772	1.1581	-1.72346	0.948016
94	0.562438	-0.146342	0.581165	81.2584	1.1581	-1.72346	0.948016
95	0.560975	-0.142983	0.57891	81.8373	1.1581	-1.72346	0.948016
96	0.559545	-0.139683	0.576717	82.414	1.1581	-1.72346	0.948016
97	0.558148	-0.136441	0.574583	82.9886	1.1581	-1.72346	0.948016
98	0.556784	-0.133256	0.572508	83.5611	1.1581	-1.72346	0.948016
99	0.555451	-0.130127	0.57049	84.1316	1.1581	-1.72346	0.948016
