
Current theta : [ 0.144297 , -0.553031 , 0.145842 ] 


t	x[0]	x[1]	P	theta[0]	theta[1]	theta[2]
0	0.2	-0.18111	0.269816	0.144297	-0.553031	0.145842
0.01	0.0188902	0.0517921	0.324946	0.144297	-0.553031	0.145842
0.02	0.0706824	-0.0755395	0.428397	0.144297	-0.553031	0.145842
0.03	-0.00485714	0.0355434	0.464271	0.144297	-0.553031	0.145842
0.04	0.0306863	-0.0388965	0.513815	0.144297	-0.553031	0.145842
0.05	-0.00821027	0.0234116	0.538624	0.144297	-0.553031	0.145842
0.06	0.0152013	-0.0219374	0.565314	0.144297	-0.553031	0.145842
0.07	-0.00673608	0.01495	0.581711	0.144297	-0.553031	0.145842
0.08	0.00821395	-0.0129073	0.59701	0.144297	-0.553031	0.145842
0.09	-0.00469332	0.00937551	0.607495	0.144297	-0.553031	0.145842
0.1	0.00468219	-0.00774935	0.616549	0.144297	-0.553031	0.145842
0.11	-0.00306716	0.00582069	0.623128	0.144297	-0.553031	0.145842
0.12	0.00275353	-0.00469898	0.628575	0.144297	-0.553031	0.145842
0.13	-0.00194545	0.00359373	0.632661	0.144297	-0.553031	0.145842
0.14	0.00164828	-0.00286365	0.635965	0.144297	-0.553031	0.145842
0.15	-0.00121537	0.002212	0.638489	0.144297	-0.553031	0.145842
0.16	0.000996622	-0.00174975	0.640503	0.144297	-0.553031	0.145842
0.17	-0.000753126	0.00135918	0.642057	0.144297	-0.553031	0.145842
0.18	0.000606056	-0.00107064	0.643287	0.144297	-0.553031	0.145842
0.19	-0.000464584	0.000834349	0.644242	0.144297	-0.553031	0.145842
0.2	0.000369764	-0.000655619	0.644995	0.144297	-0.553031	0.145842
0.21	-0.000285855	0.000511887	0.645581	0.144297	-0.553031	0.145842
0.22	0.000226033	-0.000401654	0.646042	0.144297	-0.553031	0.145842
0.23	-0.000175621	0.000313949	0.646402	0.144297	-0.553031	0.145842
0.24	0.000138328	-0.00024613	0.646684	0.144297	-0.553031	0.145842
0.25	-0.000107802	0.000192513	0.646905	0.144297	-0.553031	0.145842
0.26	8.47111e-05	-0.000150849	0.647078	0.144297	-0.553031	0.145842
0.27	-6.61377e-05	0.000118035	0.647213	0.144297	-0.553031	0.145842
0.28	5.18975e-05	-9.2461e-05	0.647319	0.144297	-0.553031	0.145842
0.29	-4.05635e-05	7.23658e-05	0.647402	0.144297	-0.553031	0.145842
0.3	3.18023e-05	-5.66759e-05	0.647467	0.144297	-0.553031	0.145842
0.31	-2.48736e-05	4.43646e-05	0.647518	0.144297	-0.553031	0.145842
0.32	1.9491e-05	-3.47418e-05	0.647558	0.144297	-0.553031	0.145842
0.33	-1.52508e-05	2.71975e-05	0.647589	0.144297	-0.553031	0.145842
0.34	1.19467e-05	-2.12968e-05	0.647613	0.144297	-0.553031	0.145842
0.35	-9.35009e-06	1.66731e-05	0.647632	0.144297	-0.553031	0.145842
0.36	7.32297e-06	-1.30552e-05	0.647647	0.144297	-0.553031	0.145842
0.37	-5.73219e-06	1.02211e-05	0.647659	0.144297	-0.553031	0.145842
0.38	4.4889e-06	-8.00301e-06	0.647668	0.144297	-0.553031	0.145842
0.39	-3.5141e-06	6.26581e-06	0.647675	0.144297	-0.553031	0.145842
0.4	2.75171e-06	-4.90598e-06	0.647681	0.144297	-0.553031	0.145842
0.41	-2.15427e-06	3.8411e-06	0.647685	0.144297	-0.553031	0.145842
0.42	1.68682e-06	-3.00746e-06	0.647689	0.144297	-0.553031	0.145842
0.43	-1.32064e-06	2.35468e-06	0.647692	0.144297	-0.553031	0.145842
0.44	1.03405e-06	-1.84363e-06	0.647694	0.144297	-0.553031	0.145842
0.45	-8.09586e-07	1.44347e-06	0.647695	0.144297	-0.553031	0.145842
0.46	6.33888e-07	-1.13018e-06	0.647697	0.144297	-0.553031	0.145842
0.47	-4.96296e-07	8.84881e-07	0.647698	0.144297	-0.553031	0.145842
0.48	3.88585e-07	-6.92826e-07	0.647698	0.144297	-0.553031	0.145842
0.49	-3.04241e-07	5.42452e-07	0.647699	0.144297	-0.553031	0.145842
0.5	2.3821e-07	-4.24717e-07	0.6477	0.144297	-0.553031	0.145842
0.51	-1.86507e-07	3.32535e-07	0.6477	0.144297	-0.553031	0.145842
0.52	1.46028e-07	-2.60361e-07	0.6477	0.144297	-0.553031	0.145842
0.53	-1.14333e-07	2.03851e-07	0.6477	0.144297	-0.553031	0.145842
0.54	8.95181e-08	-1.59607e-07	0.647701	0.144297	-0.553031	0.145842
0.55	-7.00886e-08	1.24965e-07	0.647701	0.144297	-0.553031	0.145842
0.56	5.48765e-08	-9.78423e-08	0.647701	0.144297	-0.553031	0.145842
0.57	-4.29658e-08	7.66062e-08	0.647701	0.144297	-0.553031	0.145842
0.58	3.36404e-08	-5.99794e-08	0.647701	0.144297	-0.553031	0.145842
0.59	-2.6339e-08	4.69613e-08	0.647701	0.144297	-0.553031	0.145842
0.6	2.06223e-08	-3.67687e-08	0.647701	0.144297	-0.553031	0.145842
0.61	-1.61464e-08	2.87883e-08	0.647701	0.144297	-0.553031	0.145842
0.62	1.26419e-08	-2.254e-08	0.647701	0.144297	-0.553031	0.145842
0.63	-9.89807e-09	1.76478e-08	0.647701	0.144297	-0.553031	0.145842
0.64	7.74976e-09	-1.38175e-08	0.647701	0.144297	-0.553031	0.145842
0.65	-6.06773e-09	1.08185e-08	0.647701	0.144297	-0.553031	0.145842
0.66	4.75077e-09	-8.47042e-09	0.647701	0.144297	-0.553031	0.145842
0.67	-3.71965e-09	6.63197e-09	0.647701	0.144297	-0.553031	0.145842
0.68	2.91232e-09	-5.19255e-09	0.647701	0.144297	-0.553031	0.145842
0.69	-2.28022e-09	4.06554e-09	0.647701	0.144297	-0.553031	0.145842
0.7	1.78532e-09	-3.18314e-09	0.647701	0.144297	-0.553031	0.145842
0.71	-1.39783e-09	2.49226e-09	0.647701	0.144297	-0.553031	0.145842
0.72	1.09444e-09	-1.95134e-09	0.647701	0.144297	-0.553031	0.145842
0.73	-8.56897e-10	1.52781e-09	0.647701	0.144297	-0.553031	0.145842
0.74	6.70914e-10	-1.19621e-09	0.647701	0.144297	-0.553031	0.145842
0.75	-5.25297e-10	9.36581e-10	0.647701	0.144297	-0.553031	0.145842
0.76	4.11285e-10	-7.33303e-10	0.647701	0.144297	-0.553031	0.145842
0.77	-3.22018e-10	5.74144e-10	0.647701	0.144297	-0.553031	0.145842
0.78	2.52126e-10	-4.4953e-10	0.647701	0.144297	-0.553031	0.145842
0.79	-1.97404e-10	3.51963e-10	0.647701	0.144297	-0.553031	0.145842
0.8	1.54559e-10	-2.75572e-10	0.647701	0.144297	-0.553031	0.145842
0.81	-1.21013e-10	2.15761e-10	0.647701	0.144297	-0.553031	0.145842
0.82	9.47479e-11	-1.68931e-10	0.647701	0.144297	-0.553031	0.145842
0.83	-7.41835e-11	1.32266e-10	0.647701	0.144297	-0.553031	0.145842
0.84	5.80825e-11	-1.03559e-10	0.647701	0.144297	-0.553031	0.145842
0.85	-4.54761e-11	8.10819e-11	0.647701	0.144297	-0.553031	0.145842
0.86	3.56058e-11	-6.34836e-11	0.647701	0.144297	-0.553031	0.145842
0.87	-2.78778e-11	4.97049e-11	0.647701	0.144297	-0.553031	0.145842
0.88	2.18271e-11	-3.89168e-11	0.647701	0.144297	-0.553031	0.145842
0.89	-1.70897e-11	3.04702e-11	0.647701	0.144297	-0.553031	0.145842
0.9	1.33805e-11	-2.38568e-11	0.647701	0.144297	-0.553031	0.145842
0.91	-1.04764e-11	1.86789e-11	0.647701	0.144297	-0.553031	0.145842
0.92	8.20253e-12	-1.46248e-11	0.647701	0.144297	-0.553031	0.145842
0.93	-6.42223e-12	1.14506e-11	0.647701	0.144297	-0.553031	0.145842
0.94	5.02833e-12	-8.96529e-12	0.647701	0.144297	-0.553031	0.145842
0.95	-3.93696e-12	7.01944e-12	0.647701	0.144297	-0.553031	0.145842
0.96	3.08247e-12	-5.49592e-12	0.647701	0.144297	-0.553031	0.145842
0.97	-2.41344e-12	4.30306e-12	0.647701	0.144297	-0.553031	0.145842
0.98	1.88962e-12	-3.36911e-12	0.647701	0.144297	-0.553031	0.145842
0.99	-1.47949e-12	2.63787e-12	0.647701	0.144297	-0.553031	0.145842


t	x[0]	x[1]	P	theta[0]	theta[1]	theta[2]
0	0.2	-0.17111	0.263208	0.194297	-0.553031	0.145842
0.01	0.0288902	0.0380741	0.311002	0.194297	-0.553031	0.145842
0.02	0.0669643	-0.065247	0.404498	0.194297	-0.553031	0.145842
0.03	0.00171734	0.0249929	0.42955	0.194297	-0.553031	0.145842
0.04	0.0267103	-0.0305722	0.470146	0.194297	-0.553031	0.145842
0.05	-0.00386192	0.0157623	0.486375	0.194297	-0.553031	0.145842
0.06	0.0119004	-0.0156879	0.506066	0.194297	-0.553031	0.145842
0.07	-0.00378749	0.00954121	0.516331	0.194297	-0.553031	0.145842
0.08	0.00575372	-0.00842735	0.526535	0.194297	-0.553031	0.145842
0.09	-0.00267363	0.00562421	0.532763	0.194297	-0.553031	0.145842
0.1	0.00295058	-0.0046391	0.538261	0.194297	-0.553031	0.145842
0.11	-0.00168852	0.00326283	0.541935	0.194297	-0.553031	0.145842
0.12	0.00157431	-0.00258824	0.544964	0.194297	-0.553031	0.145842
0.13	-0.00101393	0.00187532	0.547096	0.194297	-0.553031	0.145842
0.14	0.000861384	-0.00145487	0.548787	0.194297	-0.553031	0.145842
0.15	-0.000593486	0.00107206	0.550012	0.194297	-0.553031	0.145842
0.16	0.00047857	-0.000821237	0.550962	0.194297	-0.553031	0.145842
0.17	-0.000342668	0.000610968	0.551663	0.194297	-0.553031	0.145842
0.18	0.0002683	-0.000464669	0.5522	0.194297	-0.553031	0.145842
0.19	-0.000196369	0.000347579	0.552599	0.194297	-0.553031	0.145842
0.2	0.00015121	-0.000263271	0.552902	0.194297	-0.553031	0.145842
0.21	-0.000112061	0.000197539	0.553129	0.194297	-0.553031	0.145842
0.22	8.54782e-05	-0.000149277	0.553301	0.194297	-0.553031	0.145842
0.23	-6.37987e-05	0.000112203	0.553431	0.194297	-0.553031	0.145842
0.24	4.84042e-05	-8.46779e-05	0.553528	0.194297	-0.553031	0.145842
0.25	-3.62737e-05	6.3711e-05	0.553601	0.194297	-0.553031	0.145842
0.26	2.74373e-05	-4.80457e-05	0.553657	0.194297	-0.553031	0.145842
0.27	-2.06084e-05	3.61696e-05	0.553698	0.194297	-0.553031	0.145842
0.28	1.55612e-05	-2.72646e-05	0.55373	0.194297	-0.553031	0.145842
0.29	-1.17034e-05	2.05318e-05	0.553753	0.194297	-0.553031	0.145842
0.3	8.82844e-06	-1.54731e-05	0.553771	0.194297	-0.553031	0.145842
0.31	-6.64468e-06	1.16543e-05	0.553785	0.194297	-0.553031	0.145842
0.32	5.00962e-06	-8.78166e-06	0.553795	0.194297	-0.553031	0.145842
0.33	-3.77205e-06	6.615e-06	0.553802	0.194297	-0.553031	0.145842
0.34	2.84295e-06	-4.98409e-06	0.553808	0.194297	-0.553031	0.145842
0.35	-2.14114e-06	3.75461e-06	0.553812	0.194297	-0.553031	0.145842
0.36	1.61347e-06	-2.8288e-06	0.553816	0.194297	-0.553031	0.145842
0.37	-1.21533e-06	2.13106e-06	0.553818	0.194297	-0.553031	0.145842
0.38	9.15726e-07	-1.60554e-06	0.55382	0.194297	-0.553031	0.145842
0.39	-6.89817e-07	1.20955e-06	0.553821	0.194297	-0.553031	0.145842
0.4	5.19731e-07	-9.11262e-07	0.553822	0.194297	-0.553031	0.145842
0.41	-3.91531e-07	6.86514e-07	0.553823	0.194297	-0.553031	0.145842
0.42	2.94983e-07	-5.17209e-07	0.553824	0.194297	-0.553031	0.145842
0.43	-2.22226e-07	3.8965e-07	0.553824	0.194297	-0.553031	0.145842
0.44	1.67424e-07	-2.93555e-07	0.553825	0.194297	-0.553031	0.145842
0.45	-1.26131e-07	2.21156e-07	0.553825	0.194297	-0.553031	0.145842
0.46	9.50254e-08	-1.66615e-07	0.553825	0.194297	-0.553031	0.145842
0.47	-7.15892e-08	1.25523e-07	0.553825	0.194297	-0.553031	0.145842
0.48	5.3934e-08	-9.45664e-08	0.553825	0.194297	-0.553031	0.145842
0.49	-4.06324e-08	7.1244e-08	0.553825	0.194297	-0.553031	0.145842
0.5	3.06116e-08	-5.36736e-08	0.553825	0.194297	-0.553031	0.145842
0.51	-2.3062e-08	4.04364e-08	0.553825	0.194297	-0.553031	0.145842
0.52	1.73744e-08	-3.04639e-08	0.553825	0.194297	-0.553031	0.145842
0.53	-1.30895e-08	2.29507e-08	0.553826	0.194297	-0.553031	0.145842
0.54	9.8613e-09	-1.72906e-08	0.553826	0.194297	-0.553031	0.145842
0.55	-7.42926e-09	1.30263e-08	0.553826	0.194297	-0.553031	0.145842
0.56	5.59704e-09	-9.81371e-09	0.553826	0.194297	-0.553031	0.145842
0.57	-4.21667e-09	7.39342e-09	0.553826	0.194297	-0.553031	0.145842
0.58	3.17674e-09	-5.57003e-09	0.553826	0.194297	-0.553031	0.145842
0.59	-2.39328e-09	4.19633e-09	0.553826	0.194297	-0.553031	0.145842
0.6	1.80304e-09	-3.16142e-09	0.553826	0.194297	-0.553031	0.145842
0.61	-1.35837e-09	2.38174e-09	0.553826	0.194297	-0.553031	0.145842
0.62	1.02337e-09	-1.79434e-09	0.553826	0.194297	-0.553031	0.145842
0.63	-7.70979e-10	1.35182e-09	0.553826	0.194297	-0.553031	0.145842
0.64	5.80838e-10	-1.01843e-09	0.553826	0.194297	-0.553031	0.145842
0.65	-4.3759e-10	7.67259e-10	0.553826	0.194297	-0.553031	0.145842
0.66	3.2967e-10	-5.78035e-10	0.553826	0.194297	-0.553031	0.145842
0.67	-2.48365e-10	4.35478e-10	0.553826	0.194297	-0.553031	0.145842
0.68	1.87113e-10	-3.28079e-10	0.553826	0.194297	-0.553031	0.145842
0.69	-1.40966e-10	2.47167e-10	0.553826	0.194297	-0.553031	0.145842
0.7	1.06201e-10	-1.8621e-10	0.553826	0.194297	-0.553031	0.145842
0.71	-8.00091e-11	1.40286e-10	0.553826	0.194297	-0.553031	0.145842
0.72	6.0277e-11	-1.05688e-10	0.553826	0.194297	-0.553031	0.145842
0.73	-4.54113e-11	7.96231e-11	0.553826	0.194297	-0.553031	0.145842
0.74	3.42118e-11	-5.99861e-11	0.553826	0.194297	-0.553031	0.145842
0.75	-2.57744e-11	4.51922e-11	0.553826	0.194297	-0.553031	0.145842
0.76	1.94178e-11	-3.40467e-11	0.553826	0.194297	-0.553031	0.145842
0.77	-1.46289e-11	2.565e-11	0.553826	0.194297	-0.553031	0.145842
0.78	1.10211e-11	-1.93241e-11	0.553826	0.194297	-0.553031	0.145842
0.79	-8.30302e-12	1.45583e-11	0.553826	0.194297	-0.553031	0.145842
0.8	6.2553e-12	-1.09679e-11	0.553826	0.194297	-0.553031	0.145842
0.81	-4.7126e-12	8.26296e-12	0.553826	0.194297	-0.553031	0.145842
0.82	3.55036e-12	-6.22512e-12	0.553826	0.194297	-0.553031	0.145842
0.83	-2.67476e-12	4.68986e-12	0.553826	0.194297	-0.553031	0.145842
0.84	2.0151e-12	-3.53323e-12	0.553826	0.194297	-0.553031	0.145842
0.85	-1.51813e-12	2.66185e-12	0.553826	0.194297	-0.553031	0.145842
0.86	1.14372e-12	-2.00538e-12	0.553826	0.194297	-0.553031	0.145842
0.87	-8.61654e-13	1.5108e-12	0.553826	0.194297	-0.553031	0.145842
0.88	6.4915e-13	-1.1382e-12	0.553826	0.194297	-0.553031	0.145842
0.89	-4.89054e-13	8.57497e-13	0.553826	0.194297	-0.553031	0.145842
0.9	3.68442e-13	-6.46018e-13	0.553826	0.194297	-0.553031	0.145842
0.91	-2.77576e-13	4.86695e-13	0.553826	0.194297	-0.553031	0.145842
0.92	2.09119e-13	-3.66664e-13	0.553826	0.194297	-0.553031	0.145842
0.93	-1.57545e-13	2.76236e-13	0.553826	0.194297	-0.553031	0.145842
0.94	1.18691e-13	-2.0811e-13	0.553826	0.194297	-0.553031	0.145842
0.95	-8.9419e-14	1.56785e-13	0.553826	0.194297	-0.553031	0.145842
0.96	6.73662e-14	-1.18118e-13	0.553826	0.194297	-0.553031	0.145842
0.97	-5.07521e-14	8.89875e-14	0.553826	0.194297	-0.553031	0.145842
0.98	3.82354e-14	-6.70411e-14	0.553826	0.194297	-0.553031	0.145842
0.99	-2.88057e-14	5.05072e-14	0.553826	0.194297	-0.553031	0.145842


t	x[0]	x[1]	P	theta[0]	theta[1]	theta[2]
0	0.2	-0.17611	0.266486	0.144297	-0.503031	0.145842
0.01	0.0238902	0.0353599	0.30916	0.144297	-0.503031	0.145842
0.02	0.0592502	-0.0598577	0.393383	0.144297	-0.503031	0.145842
0.03	-0.000607505	0.0219625	0.415354	0.144297	-0.503031	0.145842
0.04	0.021355	-0.0253256	0.448481	0.144297	-0.503031	0.145842
0.05	-0.00397063	0.0126158	0.461707	0.144297	-0.503031	0.145842
0.06	0.00864519	-0.0117184	0.476269	0.144297	-0.503031	0.145842
0.07	-0.00307324	0.00687708	0.483802	0.144297	-0.503031	0.145842
0.08	0.00380385	-0.00566678	0.490627	0.144297	-0.503031	0.145842
0.09	-0.00186293	0.00363627	0.494712	0.144297	-0.503031	0.145842
0.1	0.00177334	-0.00280529	0.498031	0.144297	-0.503031	0.145842
0.11	-0.00103194	0.00189	0.500185	0.144297	-0.503031	0.145842
0.12	0.000858058	-0.00140656	0.501832	0.144297	-0.503031	0.145842
0.13	-0.000548502	0.00097308	0.502949	0.144297	-0.503031	0.145842
0.14	0.000424578	-0.000710181	0.503777	0.144297	-0.503031	0.145842
0.15	-0.000285602	0.000498406	0.504351	0.144297	-0.503031	0.145842
0.16	0.000212803	-0.00035994	0.504769	0.144297	-0.503031	0.145842
0.17	-0.000147137	0.000254562	0.505063	0.144297	-0.503031	0.145842
0.18	0.000107426	-0.000182805	0.505275	0.144297	-0.503031	0.145842
0.19	-7.53789e-05	0.000129821	0.505425	0.144297	-0.503031	0.145842
0.2	5.44423e-05	-9.2945e-05	0.505533	0.144297	-0.503031	0.145842
0.21	-3.85027e-05	6.61519e-05	0.50561	0.144297	-0.503031	0.145842
0.22	2.76492e-05	-4.72851e-05	0.505664	0.144297	-0.503031	0.145842
0.23	-1.96359e-05	3.36938e-05	0.505703	0.144297	-0.503031	0.145842
0.24	1.40579e-05	-2.40636e-05	0.505731	0.144297	-0.503031	0.145842
0.25	-1.00057e-05	1.71576e-05	0.505751	0.144297	-0.503031	0.145842
0.26	7.15186e-06	-1.22482e-05	0.505765	0.144297	-0.503031	0.145842
0.27	-5.09629e-06	8.73592e-06	0.505776	0.144297	-0.503031	0.145842
0.28	3.63963e-06	-6.23476e-06	0.505783	0.144297	-0.503031	0.145842
0.29	-2.59513e-06	4.44767e-06	0.505788	0.144297	-0.503031	0.145842
0.3	1.85254e-06	-3.17387e-06	0.505792	0.144297	-0.503031	0.145842
0.31	-1.32133e-06	2.26434e-06	0.505794	0.144297	-0.503031	0.145842
0.32	9.43014e-07	-1.61573e-06	0.505796	0.144297	-0.503031	0.145842
0.33	-6.72719e-07	1.15277e-06	0.505797	0.144297	-0.503031	0.145842
0.34	4.80052e-07	-8.22538e-07	0.505798	0.144297	-0.503031	0.145842
0.35	-3.42486e-07	5.86868e-07	0.505799	0.144297	-0.503031	0.145842
0.36	2.44382e-07	-4.18741e-07	0.5058	0.144297	-0.503031	0.145842
0.37	-1.74359e-07	2.98769e-07	0.5058	0.144297	-0.503031	0.145842
0.38	1.2441e-07	-2.13175e-07	0.5058	0.144297	-0.503031	0.145842
0.39	-8.87648e-08	1.521e-07	0.5058	0.144297	-0.503031	0.145842
0.4	6.33352e-08	-1.08524e-07	0.5058	0.144297	-0.503031	0.145842
0.41	-4.51893e-08	7.74323e-08	0.5058	0.144297	-0.503031	0.145842
0.42	3.2243e-08	-5.52484e-08	0.505801	0.144297	-0.503031	0.145842
0.43	-2.30054e-08	3.94199e-08	0.505801	0.144297	-0.503031	0.145842
0.44	1.64145e-08	-2.81263e-08	0.505801	0.144297	-0.503031	0.145842
0.45	-1.17118e-08	2.00682e-08	0.505801	0.144297	-0.503031	0.145842
0.46	8.35641e-09	-1.43187e-08	0.505801	0.144297	-0.503031	0.145842
0.47	-5.96232e-09	1.02165e-08	0.505801	0.144297	-0.503031	0.145842
0.48	4.25414e-09	-7.28949e-09	0.505801	0.144297	-0.503031	0.145842
0.49	-3.03534e-09	5.20107e-09	0.505801	0.144297	-0.503031	0.145842
0.5	2.16573e-09	-3.71099e-09	0.505801	0.144297	-0.503031	0.145842
0.51	-1.54526e-09	2.6478e-09	0.505801	0.144297	-0.503031	0.145842
0.52	1.10255e-09	-1.88922e-09	0.505801	0.144297	-0.503031	0.145842
0.53	-7.86671e-10	1.34796e-09	0.505801	0.144297	-0.503031	0.145842
0.54	5.61293e-10	-9.61777e-10	0.505801	0.144297	-0.503031	0.145842
0.55	-4.00485e-10	6.86232e-10	0.505801	0.144297	-0.503031	0.145842
0.56	2.85747e-10	-4.89629e-10	0.505801	0.144297	-0.503031	0.145842
0.57	-2.03882e-10	3.49352e-10	0.505801	0.144297	-0.503031	0.145842
0.58	1.4547e-10	-2.49264e-10	0.505801	0.144297	-0.503031	0.145842
0.59	-1.03794e-10	1.77851e-10	0.505801	0.144297	-0.503031	0.145842
0.6	7.40572e-11	-1.26897e-10	0.505801	0.144297	-0.503031	0.145842
0.61	-5.28401e-11	9.05417e-11	0.505801	0.144297	-0.503031	0.145842
0.62	3.77016e-11	-6.46018e-11	0.505801	0.144297	-0.503031	0.145842
0.63	-2.69002e-11	4.60936e-11	0.505801	0.144297	-0.503031	0.145842
0.64	1.91934e-11	-3.2888e-11	0.505801	0.144297	-0.503031	0.145842
0.65	-1.36946e-11	2.34657e-11	0.505801	0.144297	-0.503031	0.145842
0.66	9.77113e-12	-1.67429e-11	0.505801	0.144297	-0.503031	0.145842
0.67	-6.97174e-12	1.19461e-11	0.505801	0.144297	-0.503031	0.145842
0.68	4.97436e-12	-8.52359e-12	0.505801	0.144297	-0.503031	0.145842
0.69	-3.54923e-12	6.08161e-12	0.505801	0.144297	-0.503031	0.145842
0.7	2.53239e-12	-4.33925e-12	0.505801	0.144297	-0.503031	0.145842
0.71	-1.80687e-12	3.09607e-12	0.505801	0.144297	-0.503031	0.145842
0.72	1.28921e-12	-2.20906e-12	0.505801	0.144297	-0.503031	0.145842
0.73	-9.19854e-13	1.57617e-12	0.505801	0.144297	-0.503031	0.145842
0.74	6.56319e-13	-1.12461e-12	0.505801	0.144297	-0.503031	0.145842
0.75	-4.68286e-13	8.0241e-13	0.505801	0.144297	-0.503031	0.145842
0.76	3.34124e-13	-5.72523e-13	0.505801	0.144297	-0.503031	0.145842
0.77	-2.38399e-13	4.08497e-13	0.505801	0.144297	-0.503031	0.145842
0.78	1.70098e-13	-2.91464e-13	0.505801	0.144297	-0.503031	0.145842
0.79	-1.21366e-13	2.07961e-13	0.505801	0.144297	-0.503031	0.145842
0.8	8.6595e-14	-1.48381e-13	0.505801	0.144297	-0.503031	0.145842
0.81	-6.17858e-14	1.0587e-13	0.505801	0.144297	-0.503031	0.145842
0.82	4.40844e-14	-7.55388e-14	0.505801	0.144297	-0.503031	0.145842
0.83	-3.14544e-14	5.38973e-14	0.505801	0.144297	-0.503031	0.145842
0.84	2.24428e-14	-3.84559e-14	0.505801	0.144297	-0.503031	0.145842
0.85	-1.60131e-14	2.74384e-14	0.505801	0.144297	-0.503031	0.145842
0.86	1.14254e-14	-1.95774e-14	0.505801	0.144297	-0.503031	0.145842
0.87	-8.15205e-15	1.39686e-14	0.505801	0.144297	-0.503031	0.145842
0.88	5.81652e-15	-9.96662e-15	0.505801	0.144297	-0.503031	0.145842
0.89	-4.15011e-15	7.11122e-15	0.505801	0.144297	-0.503031	0.145842
0.9	2.96112e-15	-5.07388e-15	0.505801	0.144297	-0.503031	0.145842
0.91	-2.11277e-15	3.62024e-15	0.505801	0.144297	-0.503031	0.145842
0.92	1.50747e-15	-2.58305e-15	0.505801	0.144297	-0.503031	0.145842
0.93	-1.07558e-15	1.84302e-15	0.505801	0.144297	-0.503031	0.145842
0.94	7.67433e-16	-1.315e-15	0.505801	0.144297	-0.503031	0.145842
0.95	-5.47567e-16	9.38257e-16	0.505801	0.144297	-0.503031	0.145842
0.96	3.90691e-16	-6.6945e-16	0.505801	0.144297	-0.503031	0.145842
0.97	-2.78759e-16	4.77655e-16	0.505801	0.144297	-0.503031	0.145842
0.98	1.98896e-16	-3.40809e-16	0.505801	0.144297	-0.503031	0.145842
0.99	-1.41913e-16	2.43168e-16	0.505801	0.144297	-0.503031	0.145842


t	x[0]	x[1]	P	theta[0]	theta[1]	theta[2]
0	0.2	-0.17791	0.267679	0.144297	-0.553031	0.195842
0.01	0.0220902	0.0383937	0.311974	0.144297	-0.553031	0.195842
0.02	0.0604839	-0.0618482	0.398481	0.144297	-0.553031	0.195842
0.03	-0.00136425	0.0233947	0.421915	0.144297	-0.553031	0.195842
0.04	0.0220304	-0.026388	0.456291	0.144297	-0.553031	0.195842
0.05	-0.0043576	0.0133396	0.470324	0.144297	-0.553031	0.195842
0.06	0.00898205	-0.0122589	0.485521	0.144297	-0.553031	0.195842
0.07	-0.00327685	0.00724746	0.493475	0.144297	-0.553031	0.195842
0.08	0.00397061	-0.00594019	0.50062	0.144297	-0.553031	0.195842
0.09	-0.00196957	0.00382597	0.504924	0.144297	-0.553031	0.195842
0.1	0.0018564	-0.00294371	0.508404	0.144297	-0.553031	0.195842
0.11	-0.00108731	0.00198702	0.510669	0.144297	-0.553031	0.195842
0.12	0.000899714	-0.00147676	0.512398	0.144297	-0.553031	0.195842
0.13	-0.000577042	0.00102263	0.513572	0.144297	-0.553031	0.195842
0.14	0.000445586	-0.000745828	0.514441	0.144297	-0.553031	0.195842
0.15	-0.000300242	0.000523679	0.515045	0.144297	-0.553031	0.195842
0.16	0.000223437	-0.00037806	0.515484	0.144297	-0.553031	0.195842
0.17	-0.000154623	0.000267444	0.515793	0.144297	-0.553031	0.195842
0.18	0.000112821	-0.000192021	0.516015	0.144297	-0.553031	0.195842
0.19	-7.91996e-05	0.000136384	0.516173	0.144297	-0.553031	0.195842
0.2	5.71839e-05	-9.76345e-05	0.516286	0.144297	-0.553031	0.195842
0.21	-4.04506e-05	6.9494e-05	0.516367	0.144297	-0.553031	0.195842
0.22	2.90434e-05	-4.96717e-05	0.516424	0.144297	-0.553031	0.195842
0.23	-2.06284e-05	3.53956e-05	0.516465	0.144297	-0.553031	0.195842
0.24	1.47672e-05	-2.52784e-05	0.516494	0.144297	-0.553031	0.195842
0.25	-1.05112e-05	1.8024e-05	0.516515	0.144297	-0.553031	0.195842
0.26	7.51285e-06	-1.28665e-05	0.51653	0.144297	-0.553031	0.195842
0.27	-5.35368e-06	9.17706e-06	0.516541	0.144297	-0.553031	0.195842
0.28	3.82337e-06	-6.54955e-06	0.516548	0.144297	-0.553031	0.195842
0.29	-2.72618e-06	4.67226e-06	0.516554	0.144297	-0.553031	0.195842
0.3	1.94608e-06	-3.33413e-06	0.516558	0.144297	-0.553031	0.195842
0.31	-1.38805e-06	2.37868e-06	0.51656	0.144297	-0.553031	0.195842
0.32	9.90628e-07	-1.69732e-06	0.516562	0.144297	-0.553031	0.195842
0.33	-7.06688e-07	1.21098e-06	0.516564	0.144297	-0.553031	0.195842
0.34	5.04291e-07	-8.6407e-07	0.516565	0.144297	-0.553031	0.195842
0.35	-3.59779e-07	6.16501e-07	0.516566	0.144297	-0.553031	0.195842
0.36	2.56722e-07	-4.39884e-07	0.516566	0.144297	-0.553031	0.195842
0.37	-1.83163e-07	3.13855e-07	0.516566	0.144297	-0.553031	0.195842
0.38	1.30692e-07	-2.23939e-07	0.516567	0.144297	-0.553031	0.195842
0.39	-9.32468e-08	1.5978e-07	0.516567	0.144297	-0.553031	0.195842
0.4	6.65332e-08	-1.14004e-07	0.516567	0.144297	-0.553031	0.195842
0.41	-4.7471e-08	8.13421e-08	0.516567	0.144297	-0.553031	0.195842
0.42	3.38711e-08	-5.80381e-08	0.516567	0.144297	-0.553031	0.195842
0.43	-2.4167e-08	4.14103e-08	0.516567	0.144297	-0.553031	0.195842
0.44	1.72433e-08	-2.95465e-08	0.516567	0.144297	-0.553031	0.195842
0.45	-1.23031e-08	2.10815e-08	0.516567	0.144297	-0.553031	0.195842
0.46	8.77835e-09	-1.50417e-08	0.516567	0.144297	-0.553031	0.195842
0.47	-6.26338e-09	1.07323e-08	0.516567	0.144297	-0.553031	0.195842
0.48	4.46895e-09	-7.65756e-09	0.516567	0.144297	-0.553031	0.195842
0.49	-3.18861e-09	5.4637e-09	0.516567	0.144297	-0.553031	0.195842
0.5	2.27509e-09	-3.89837e-09	0.516567	0.144297	-0.553031	0.195842
0.51	-1.62328e-09	2.7815e-09	0.516567	0.144297	-0.553031	0.195842
0.52	1.15822e-09	-1.98461e-09	0.516567	0.144297	-0.553031	0.195842
0.53	-8.26393e-10	1.41603e-09	0.516567	0.144297	-0.553031	0.195842
0.54	5.89634e-10	-1.01034e-09	0.516567	0.144297	-0.553031	0.195842
0.55	-4.20706e-10	7.20882e-10	0.516567	0.144297	-0.553031	0.195842
0.56	3.00176e-10	-5.14352e-10	0.516567	0.144297	-0.553031	0.195842
0.57	-2.14176e-10	3.66992e-10	0.516567	0.144297	-0.553031	0.195842
0.58	1.52816e-10	-2.6185e-10	0.516567	0.144297	-0.553031	0.195842
0.59	-1.09035e-10	1.86831e-10	0.516567	0.144297	-0.553031	0.195842
0.6	7.77966e-11	-1.33305e-10	0.516567	0.144297	-0.553031	0.195842
0.61	-5.55082e-11	9.51134e-11	0.516567	0.144297	-0.553031	0.195842
0.62	3.96053e-11	-6.78638e-11	0.516567	0.144297	-0.553031	0.195842
0.63	-2.82585e-11	4.84211e-11	0.516567	0.144297	-0.553031	0.195842
0.64	2.01626e-11	-3.45486e-11	0.516567	0.144297	-0.553031	0.195842
0.65	-1.43861e-11	2.46506e-11	0.516567	0.144297	-0.553031	0.195842
0.66	1.02645e-11	-1.75883e-11	0.516567	0.144297	-0.553031	0.195842
0.67	-7.32377e-12	1.25493e-11	0.516567	0.144297	-0.553031	0.195842
0.68	5.22553e-12	-8.95397e-12	0.516567	0.144297	-0.553031	0.195842
0.69	-3.72844e-12	6.38869e-12	0.516567	0.144297	-0.553031	0.195842
0.7	2.66026e-12	-4.55836e-12	0.516567	0.144297	-0.553031	0.195842
0.71	-1.8981e-12	3.25241e-12	0.516567	0.144297	-0.553031	0.195842
0.72	1.3543e-12	-2.3206e-12	0.516567	0.144297	-0.553031	0.195842
0.73	-9.663e-13	1.65576e-12	0.516567	0.144297	-0.553031	0.195842
0.74	6.89459e-13	-1.18139e-12	0.516567	0.144297	-0.553031	0.195842
0.75	-4.91932e-13	8.42927e-13	0.516567	0.144297	-0.553031	0.195842
0.76	3.50995e-13	-6.01431e-13	0.516567	0.144297	-0.553031	0.195842
0.77	-2.50436e-13	4.29124e-13	0.516567	0.144297	-0.553031	0.195842
0.78	1.78687e-13	-3.06181e-13	0.516567	0.144297	-0.553031	0.195842
0.79	-1.27494e-13	2.18461e-13	0.516567	0.144297	-0.553031	0.195842
0.8	9.09675e-14	-1.55873e-13	0.516567	0.144297	-0.553031	0.195842
0.81	-6.49056e-14	1.11216e-13	0.516567	0.144297	-0.553031	0.195842
0.82	4.63104e-14	-7.93531e-14	0.516567	0.144297	-0.553031	0.195842
0.83	-3.30427e-14	5.66187e-14	0.516567	0.144297	-0.553031	0.195842
0.84	2.35761e-14	-4.03977e-14	0.516567	0.144297	-0.553031	0.195842
0.85	-1.68216e-14	2.88239e-14	0.516567	0.144297	-0.553031	0.195842
0.86	1.20023e-14	-2.0566e-14	0.516567	0.144297	-0.553031	0.195842
0.87	-8.56367e-15	1.46739e-14	0.516567	0.144297	-0.553031	0.195842
0.88	6.11021e-15	-1.04699e-14	0.516567	0.144297	-0.553031	0.195842
0.89	-4.35966e-15	7.47029e-15	0.516567	0.144297	-0.553031	0.195842
0.9	3.11063e-15	-5.33008e-15	0.516567	0.144297	-0.553031	0.195842
0.91	-2.21945e-15	3.80303e-15	0.516567	0.144297	-0.553031	0.195842
0.92	1.58359e-15	-2.71348e-15	0.516567	0.144297	-0.553031	0.195842
0.93	-1.12989e-15	1.93608e-15	0.516567	0.144297	-0.553031	0.195842
0.94	8.06184e-16	-1.3814e-15	0.516567	0.144297	-0.553031	0.195842
0.95	-5.75215e-16	9.85633e-16	0.516567	0.144297	-0.553031	0.195842
0.96	4.10418e-16	-7.03253e-16	0.516567	0.144297	-0.553031	0.195842
0.97	-2.92835e-16	5.01774e-16	0.516567	0.144297	-0.553031	0.195842
0.98	2.08939e-16	-3.58017e-16	0.516567	0.144297	-0.553031	0.195842
0.99	-1.49079e-16	2.55447e-16	0.516567	0.144297	-0.553031	0.195842
