
Current theta : [ 0.1 , 0.1 , 0.1 ] 


t	x[0]	x[1]	P	theta[0]	theta[1]	theta[2]
0	0.2	-0.1276	0.237238	0.1	0.1	0.1
0.01	0.0724	-0.106707	0.366188	0.1	0.1	0.1
0.02	-0.0343069	0.0162372	0.404143	0.1	0.1	0.1
0.03	-0.0180696	0.0189772	0.430347	0.1	0.1	0.1
0.04	0.000907592	0.0030096	0.433491	0.1	0.1	0.1
0.05	0.00391719	-0.00290237	0.438366	0.1	0.1	0.1
0.06	0.00101482	-0.00149911	0.440176	0.1	0.1	0.1
0.07	-0.000484292	0.000137348	0.44068	0.1	0.1	0.1
0.08	-0.000346944	0.000339633	0.441165	0.1	0.1	0.1
0.09	-7.31062e-06	7.45018e-05	0.44124	0.1	0.1	0.1
0.1	6.71912e-05	-4.55627e-05	0.441321	0.1	0.1	0.1
0.11	2.16285e-05	-2.85799e-05	0.441357	0.1	0.1	0.1
0.12	-6.95146e-06	5.40684e-07	0.441364	0.1	0.1	0.1
0.13	-6.41078e-06	5.87783e-06	0.441373	0.1	0.1	0.1
0.14	-5.32947e-07	1.65521e-06	0.441374	0.1	0.1	0.1
0.15	1.12227e-06	-6.78993e-07	0.441376	0.1	0.1	0.1
0.16	4.43272e-07	-5.34744e-07	0.441376	0.1	0.1	0.1
0.17	-9.14719e-08	-2.46241e-08	0.441376	0.1	0.1	0.1
0.18	-1.16096e-07	9.95616e-08	0.441377	0.1	0.1	0.1
0.19	-1.65344e-08	3.47933e-08	0.441377	0.1	0.1	0.1
0.2	1.82589e-08	-9.47433e-09	0.441377	0.1	0.1	0.1
0.21	8.78454e-09	-9.80095e-09	0.441377	0.1	0.1	0.1
0.22	-1.01641e-09	-1.04542e-09	0.441377	0.1	0.1	0.1
0.23	-2.06183e-09	1.64656e-09	0.441377	0.1	0.1	0.1
0.24	-4.15267e-10	7.03054e-10	0.441377	0.1	0.1	0.1
0.25	2.87786e-10	-1.18397e-10	0.441377	0.1	0.1	0.1
0.26	1.69389e-10	-1.7613e-10	0.441377	0.1	0.1	0.1
0.27	-6.74044e-12	-2.91596e-11	0.441377	0.1	0.1	0.1
0.28	-3.59e-11	2.64781e-11	0.441377	0.1	0.1	0.1
0.29	-9.42191e-12	1.37753e-11	0.441377	0.1	0.1	0.1
0.3	4.35343e-12	-1.16302e-12	0.441377	0.1	0.1	0.1
0.31	3.19041e-12	-3.10397e-12	0.441377	0.1	0.1	0.1
0.32	8.64378e-14	-6.98588e-13	0.441377	0.1	0.1	0.1
0.33	-6.12151e-13	4.11218e-13	0.441377	0.1	0.1	0.1
0.34	-2.00933e-13	2.63083e-13	0.441377	0.1	0.1	0.1
0.35	6.21503e-14	-3.31867e-15	0.441377	0.1	0.1	0.1
0.36	5.88316e-14	-5.36122e-14	0.441377	0.1	0.1	0.1
0.37	5.21943e-15	-1.54199e-14	0.441377	0.1	0.1	0.1
0.38	-1.02005e-14	6.09646e-15	0.441377	0.1	0.1	0.1
0.39	-4.10404e-15	4.91293e-15	0.441377	0.1	0.1	0.1
0.4	8.08889e-16	2.54585e-16	0.441377	0.1	0.1	0.1
0.41	1.06347e-15	-9.0621e-16	0.441377	0.1	0.1	0.1
0.42	1.57264e-16	-3.2278e-16	0.441377	0.1	0.1	0.1
0.43	-1.65515e-16	8.4408e-17	0.441377	0.1	0.1	0.1
0.44	-8.11075e-17	8.98784e-17	0.441377	0.1	0.1	0.1
0.45	8.77084e-18	1.00819e-17	0.441377	0.1	0.1	0.1
0.46	1.88528e-17	-1.49511e-17	0.441377	0.1	0.1	0.1
0.47	3.90166e-18	-6.50171e-18	0.441377	0.1	0.1	0.1
0.48	-2.60005e-18	1.03971e-18	0.441377	0.1	0.1	0.1
0.49	-1.56035e-18	1.61225e-18	0.441377	0.1	0.1	0.1
0.5	5.19064e-20	2.75735e-19	0.441377	0.1	0.1	0.1
0.51	3.27641e-19	-2.3973e-19	0.441377	0.1	0.1	0.1
0.52	8.79112e-20	-1.27066e-19	0.441377	0.1	0.1	0.1
0.53	-3.91549e-20	9.82623e-21	0.441377	0.1	0.1	0.1
0.54	-2.93287e-20	2.83611e-20	0.441377	0.1	0.1	0.1
0.55	-9.67626e-22	6.54308e-21	0.441377	0.1	0.1	0.1
0.56	5.57546e-21	-3.70929e-21	0.441377	0.1	0.1	0.1
0.57	1.86616e-21	-2.4214e-21	0.441377	0.1	0.1	0.1
0.58	-5.55243e-22	1.54374e-23	0.441377	0.1	0.1	0.1
0.59	-5.39805e-22	4.88912e-22	0.441377	0.1	0.1	0.1
0.6	-5.0893e-23	1.43586e-22	0.441377	0.1	0.1	0.1
0.61	9.26931e-23	-5.47066e-23	0.441377	0.1	0.1	0.1
0.62	3.79865e-23	-4.51292e-23	0.441377	0.1	0.1	0.1
0.63	-7.14266e-24	-2.59745e-24	0.441377	0.1	0.1	0.1
0.64	-9.74011e-24	8.24661e-24	0.441377	0.1	0.1	0.1
0.65	-1.4935e-24	2.99347e-24	0.441377	0.1	0.1	0.1
0.66	1.49997e-24	-7.5128e-25	0.441377	0.1	0.1	0.1
0.67	7.48691e-25	-8.24078e-25	0.441377	0.1	0.1	0.1
0.68	-7.53869e-26	-9.69675e-26	0.441377	0.1	0.1	0.1
0.69	-1.72354e-25	1.35725e-25	0.441377	0.1	0.1	0.1
0.7	-3.66289e-26	6.01111e-26	0.441377	0.1	0.1	0.1
0.71	2.34822e-26	-9.11175e-27	0.441377	0.1	0.1	0.1
0.72	1.43704e-26	-1.47557e-26	0.441377	0.1	0.1	0.1
0.73	-3.85305e-28	-2.60437e-27	0.441377	0.1	0.1	0.1
0.74	-2.98968e-27	2.16984e-27	0.441377	0.1	0.1	0.1
0.75	-8.19843e-28	1.17183e-27	0.441377	0.1	0.1	0.1
0.76	3.51983e-28	-8.24196e-29	0.441377	0.1	0.1	0.1
0.77	2.69564e-28	-2.59091e-28	0.441377	0.1	0.1	0.1
0.78	1.04724e-29	-6.12434e-29	0.441377	0.1	0.1	0.1
0.79	-5.0771e-29	3.34452e-29	0.441377	0.1	0.1	0.1
0.8	-1.73258e-29	2.22822e-29	0.441377	0.1	0.1	0.1
0.81	4.95646e-30	-4.36674e-33	0.441377	0.1	0.1	0.1
0.82	4.95209e-30	-4.45776e-30	0.441377	0.1	0.1	0.1
0.83	4.94336e-31	-1.33645e-30	0.441377	0.1	0.1	0.1
0.84	-8.42118e-31	4.90615e-31	0.441377	0.1	0.1	0.1
0.85	-3.51503e-31	4.14475e-31	0.441377	0.1	0.1	0.1
0.86	6.29728e-32	2.62196e-32	0.441377	0.1	0.1	0.1
0.87	8.91924e-32	-7.50292e-32	0.441377	0.1	0.1	0.1
0.88	1.41631e-32	-2.77527e-32	0.441377	0.1	0.1	0.1
0.89	-1.35895e-32	6.68004e-33	0.441377	0.1	0.1	0.1
0.9	-6.90949e-33	7.55455e-33	0.441377	0.1	0.1	0.1
0.91	6.45059e-34	9.30356e-34	0.441377	0.1	0.1	0.1
0.92	1.57542e-33	-1.2318e-33	0.441377	0.1	0.1	0.1
0.93	3.43613e-34	-5.55612e-34	0.441377	0.1	0.1	0.1
0.94	-2.11999e-34	7.96769e-35	0.441377	0.1	0.1	0.1
0.95	-1.32322e-34	1.35025e-34	0.441377	0.1	0.1	0.1
0.96	2.70315e-36	2.45723e-35	0.441377	0.1	0.1	0.1
0.97	2.72754e-35	-1.96334e-35	0.441377	0.1	0.1	0.1
0.98	7.64199e-36	-1.08045e-35	0.441377	0.1	0.1	0.1
0.99	-3.16248e-36	6.85341e-37	0.441377	0.1	0.1	0.1


t	x[0]	x[1]	P	theta[0]	theta[1]	theta[2]
0	0.2	-0.1176	0.232012	0.15	0.1	0.1
0.01	0.0824	-0.110284	0.36968	0.15	0.1	0.1
0.02	-0.0278838	0.00725688	0.398492	0.15	0.1	0.1
0.03	-0.0206269	0.018712	0.426342	0.15	0.1	0.1
0.04	-0.00191488	0.0053055	0.431983	0.15	0.1	0.1
0.05	0.00339062	-0.0017886	0.435816	0.15	0.1	0.1
0.06	0.00160202	-0.00172459	0.43817	0.15	0.1	0.1
0.07	-0.000122571	-0.000240352	0.43844	0.15	0.1	0.1
0.08	-0.000362923	0.000260571	0.438887	0.15	0.1	0.1
0.09	-0.000102352	0.000139065	0.439059	0.15	0.1	0.1
0.1	3.67135e-05	-3.38422e-06	0.439096	0.15	0.1	0.1
0.11	3.33292e-05	-2.90069e-05	0.43914	0.15	0.1	0.1
0.12	4.32234e-06	-9.4756e-06	0.439151	0.15	0.1	0.1
0.13	-5.15326e-06	2.48524e-06	0.439156	0.15	0.1	0.1
0.14	-2.66802e-06	2.76485e-06	0.43916	0.15	0.1	0.1
0.15	9.68324e-08	4.70663e-07	0.439161	0.15	0.1	0.1
0.16	5.67496e-07	-3.88238e-07	0.439161	0.15	0.1	0.1
0.17	1.79258e-07	-2.30017e-07	0.439162	0.15	0.1	0.1
0.18	-5.07592e-08	-2.85804e-09	0.439162	0.15	0.1	0.1
0.19	-5.36172e-08	4.5003e-08	0.439162	0.15	0.1	0.1
0.2	-8.61419e-09	1.63227e-08	0.439162	0.15	0.1	0.1
0.21	7.70847e-09	-3.28767e-09	0.439162	0.15	0.1	0.1
0.22	4.4208e-09	-4.41522e-09	0.439162	0.15	0.1	0.1
0.23	5.58643e-12	-8.87792e-10	0.439162	0.15	0.1	0.1
0.24	-8.82205e-10	5.72316e-10	0.439162	0.15	0.1	0.1
0.25	-3.09889e-10	3.77869e-10	0.439162	0.15	0.1	0.1
0.26	6.79799e-11	1.77909e-11	0.439162	0.15	0.1	0.1
0.27	8.57708e-11	-6.9347e-11	0.439162	0.15	0.1	0.1
0.28	1.64238e-11	-2.78296e-11	0.439162	0.15	0.1	0.1
0.29	-1.14058e-11	4.12903e-12	0.439162	0.15	0.1	0.1
0.3	-7.2768e-12	7.01108e-12	0.439162	0.15	0.1	0.1
0.31	-2.65715e-13	1.62807e-12	0.439162	0.15	0.1	0.1
0.32	1.36236e-12	-8.32391e-13	0.439162	0.15	0.1	0.1
0.33	5.29969e-13	-6.16952e-13	0.439162	0.15	0.1	0.1
0.34	-8.69829e-14	-4.94549e-14	0.439162	0.15	0.1	0.1
0.35	-1.36438e-13	1.06081e-13	0.439162	0.15	0.1	0.1
0.36	-3.03566e-14	4.70194e-14	0.439162	0.15	0.1	0.1
0.37	1.66627e-14	-4.75944e-15	0.439162	0.15	0.1	0.1
0.38	1.19033e-14	-1.10697e-14	0.439162	0.15	0.1	0.1
0.39	8.33604e-16	-2.9225e-15	0.439162	0.15	0.1	0.1
0.4	-2.0889e-15	1.19106e-15	0.439162	0.15	0.1	0.1
0.41	-8.97834e-16	1.00137e-15	0.439162	0.15	0.1	0.1
0.42	1.03537e-16	1.12268e-16	0.439162	0.15	0.1	0.1
0.43	2.15805e-16	-1.60981e-16	0.439162	0.15	0.1	0.1
0.44	5.48243e-17	-7.87967e-17	0.439162	0.15	0.1	0.1
0.45	-2.39725e-17	4.61725e-18	0.439162	0.15	0.1	0.1
0.46	-1.93552e-17	1.73754e-17	0.439162	0.15	0.1	0.1
0.47	-1.97983e-18	5.15793e-18	0.439162	0.15	0.1	0.1
0.48	3.1781e-18	-1.6698e-18	0.439162	0.15	0.1	0.1
0.49	1.5083e-18	-1.61602e-18	0.439162	0.15	0.1	0.1
0.5	-1.07715e-19	-2.31646e-19	0.439162	0.15	0.1	0.1
0.51	-3.39361e-19	2.42127e-19	0.439162	0.15	0.1	0.1
0.52	-9.72333e-20	1.31074e-19	0.439162	0.15	0.1	0.1
0.53	3.38405e-20	-2.54966e-21	0.439162	0.15	0.1	0.1
0.54	3.12908e-20	-2.71071e-20	0.439162	0.15	0.1	0.1
0.55	4.18369e-21	-8.97756e-21	0.439162	0.15	0.1	0.1
0.56	-4.79387e-21	2.27928e-21	0.439162	0.15	0.1	0.1
0.57	-2.51459e-21	2.59326e-21	0.439162	0.15	0.1	0.1
0.58	7.86666e-23	4.51785e-22	0.439162	0.15	0.1	0.1
0.59	5.30452e-22	-3.60527e-22	0.439162	0.15	0.1	0.1
0.6	1.69925e-22	-2.16542e-22	0.439162	0.15	0.1	0.1
0.61	-4.66167e-23	-3.68412e-24	0.439162	0.15	0.1	0.1
0.62	-5.03008e-23	4.20189e-23	0.439162	0.15	0.1	0.1
0.63	-8.28195e-24	1.54434e-23	0.439162	0.15	0.1	0.1
0.64	7.16148e-24	-2.99857e-24	0.439162	0.15	0.1	0.1
0.65	4.16291e-24	-4.13819e-24	0.439162	0.15	0.1	0.1
0.66	2.47214e-26	-8.48651e-25	0.439162	0.15	0.1	0.1
0.67	-8.23929e-25	5.3061e-25	0.439162	0.15	0.1	0.1
0.68	-2.93319e-25	3.55443e-25	0.439162	0.15	0.1	0.1
0.69	6.2124e-26	1.82833e-26	0.439162	0.15	0.1	0.1
0.7	8.04073e-26	-6.46895e-26	0.439162	0.15	0.1	0.1
0.71	1.57178e-26	-2.6298e-26	0.439162	0.15	0.1	0.1
0.72	-1.05802e-26	3.73361e-27	0.439162	0.15	0.1	0.1
0.73	-6.84664e-27	6.56636e-27	0.439162	0.15	0.1	0.1
0.74	-2.80274e-28	1.55151e-27	0.439162	0.15	0.1	0.1
0.75	1.27123e-27	-7.70246e-28	0.439162	0.15	0.1	0.1
0.76	5.00986e-28	-5.79887e-28	0.439162	0.15	0.1	0.1
0.77	-7.89013e-29	-4.89113e-29	0.439162	0.15	0.1	0.1
0.78	-1.27813e-28	9.88585e-29	0.439162	0.15	0.1	0.1
0.79	-2.89542e-29	4.43827e-29	0.439162	0.15	0.1	0.1
0.8	1.54286e-29	-4.23774e-30	0.439162	0.15	0.1	0.1
0.81	1.11908e-29	-1.03598e-29	0.439162	0.15	0.1	0.1
0.82	8.31077e-31	-2.77837e-30	0.439162	0.15	0.1	0.1
0.83	-1.94729e-30	1.09952e-30	0.439162	0.15	0.1	0.1
0.84	-8.47767e-31	9.40506e-31	0.439162	0.15	0.1	0.1
0.85	9.27395e-32	1.09273e-31	0.439162	0.15	0.1	0.1
0.86	2.02012e-31	-1.49856e-31	0.439162	0.15	0.1	0.1
0.87	5.21563e-32	-7.4304e-32	0.439162	0.15	0.1	0.1
0.88	-2.21477e-32	3.96474e-33	0.439162	0.15	0.1	0.1
0.89	-1.8183e-32	1.62485e-32	0.439162	0.15	0.1	0.1
0.9	-1.9345e-33	4.89402e-33	0.439162	0.15	0.1	0.1
0.91	2.95952e-33	-1.53679e-33	0.439162	0.15	0.1	0.1
0.92	1.42273e-33	-1.51668e-33	0.439162	0.15	0.1	0.1
0.93	-9.3948e-35	-2.2348e-34	0.439162	0.15	0.1	0.1
0.94	-3.17428e-34	2.25118e-34	0.439162	0.15	0.1	0.1
0.95	-9.23102e-35	1.23487e-34	0.439162	0.15	0.1	0.1
0.96	3.1177e-35	-1.80303e-36	0.439162	0.15	0.1	0.1
0.97	2.9374e-35	-2.53285e-35	0.439162	0.15	0.1	0.1
0.98	4.04549e-36	-8.50437e-36	0.439162	0.15	0.1	0.1
0.99	-4.45888e-36	2.08917e-36	0.439162	0.15	0.1	0.1


t	x[0]	x[1]	P	theta[0]	theta[1]	theta[2]
0	0.2	-0.1226	0.234586	0.1	0.15	0.1
0.01	0.0774	-0.11673	0.374645	0.1	0.15	0.1
0.02	-0.0393296	0.0146404	0.416612	0.1	0.15	0.1
0.03	-0.0246892	0.0252217	0.451906	0.1	0.15	0.1
0.04	0.000532528	0.00585032	0.457781	0.1	0.15	0.1
0.05	0.00638285	-0.00421498	0.46543	0.1	0.15	0.1
0.06	0.00216787	-0.00302126	0.469148	0.1	0.15	0.1
0.07	-0.000853389	1.73793e-05	0.470002	0.1	0.15	0.1
0.08	-0.00083601	0.000756728	0.471129	0.1	0.15	0.1
0.09	-7.92823e-05	0.000260428	0.471401	0.1	0.15	0.1
0.1	0.000181146	-9.78392e-05	0.471607	0.1	0.15	0.1
0.11	8.33065e-05	-9.94503e-05	0.471737	0.1	0.15	0.1
0.12	-1.61438e-05	-1.03302e-05	0.471756	0.1	0.15	0.1
0.13	-2.64741e-05	2.12446e-05	0.47179	0.1	0.15	0.1
0.14	-5.22948e-06	1.00175e-05	0.471802	0.1	0.15	0.1
0.15	4.788e-06	-1.80474e-06	0.471807	0.1	0.15	0.1
0.16	2.98326e-06	-3.13613e-06	0.471811	0.1	0.15	0.1
0.17	-1.5287e-07	-6.46447e-07	0.471812	0.1	0.15	0.1
0.18	-7.99318e-07	5.57775e-07	0.471813	0.1	0.15	0.1
0.19	-2.41543e-07	3.56832e-07	0.471813	0.1	0.15	0.1
0.2	1.15289e-07	-1.45523e-08	0.471813	0.1	0.15	0.1
0.21	1.00737e-07	-9.43013e-08	0.471813	0.1	0.15	0.1
0.22	6.43563e-09	-2.93674e-08	0.471813	0.1	0.15	0.1
0.23	-2.29318e-08	1.32967e-08	0.471813	0.1	0.15	0.1
0.24	-9.63503e-09	1.19957e-08	0.471813	0.1	0.15	0.1
0.25	2.36068e-09	8.74312e-10	0.471813	0.1	0.15	0.1
0.26	3.235e-09	-2.69292e-09	0.471813	0.1	0.15	0.1
0.27	5.42078e-10	-1.1611e-09	0.471813	0.1	0.15	0.1
0.28	-6.19022e-10	2.66845e-10	0.471813	0.1	0.15	0.1
0.29	-3.52177e-10	3.83671e-10	0.471813	0.1	0.15	0.1
0.3	3.14935e-11	6.75735e-11	0.471813	0.1	0.15	0.1
0.31	9.9067e-11	-7.22669e-11	0.471813	0.1	0.15	0.1
0.32	2.68001e-11	-4.21868e-11	0.471813	0.1	0.15	0.1
0.33	-1.53867e-11	3.30135e-12	0.471813	0.1	0.15	0.1
0.34	-1.20854e-11	1.17022e-11	0.471813	0.1	0.15	0.1
0.35	-3.83199e-13	3.27042e-12	0.471813	0.1	0.15	0.1
0.36	2.88722e-12	-1.78089e-12	0.471813	0.1	0.15	0.1
0.37	1.10633e-12	-1.44092e-12	0.471813	0.1	0.15	0.1
0.38	-3.34591e-13	-5.90978e-14	0.471813	0.1	0.15	0.1
0.39	-3.93689e-13	3.39545e-13	0.471813	0.1	0.15	0.1
0.4	-5.41433e-14	1.33615e-13	0.471813	0.1	0.15	0.1
0.41	7.9472e-14	-3.8121e-14	0.471813	0.1	0.15	0.1
0.42	4.1351e-14	-4.67462e-14	0.471813	0.1	0.15	0.1
0.43	-5.39514e-15	-6.83092e-15	0.471813	0.1	0.15	0.1
0.44	-1.22261e-14	9.29572e-15	0.471813	0.1	0.15	0.1
0.45	-2.93034e-15	4.96123e-15	0.471813	0.1	0.15	0.1
0.46	2.0309e-15	-5.875e-16	0.471813	0.1	0.15	0.1
0.47	1.4434e-15	-1.44593e-15	0.471813	0.1	0.15	0.1
0.48	-2.53507e-18	-3.59202e-16	0.471813	0.1	0.15	0.1
0.49	-3.61737e-16	2.35763e-16	0.471813	0.1	0.15	0.1
0.5	-1.25974e-16	1.72317e-16	0.471813	0.1	0.15	0.1
0.51	4.63433e-17	1.37041e-18	0.471813	0.1	0.15	0.1
0.52	4.77137e-17	-4.25997e-17	0.471813	0.1	0.15	0.1
0.53	5.11397e-18	-1.52525e-17	0.471813	0.1	0.15	0.1
0.54	-1.01385e-17	5.31155e-18	0.471813	0.1	0.15	0.1
0.55	-4.82698e-18	5.67217e-18	0.471813	0.1	0.15	0.1
0.56	8.4519e-19	6.57371e-19	0.471813	0.1	0.15	0.1
0.57	1.50256e-18	-1.18796e-18	0.471813	0.1	0.15	0.1
0.58	3.14599e-19	-5.80129e-19	0.471813	0.1	0.15	0.1
0.59	-2.65531e-19	9.39452e-20	0.471813	0.1	0.15	0.1
0.6	-1.71585e-19	1.77913e-19	0.471813	0.1	0.15	0.1
0.61	6.32776e-21	3.87833e-20	0.471813	0.1	0.15	0.1
0.62	4.51111e-20	-3.09041e-20	0.471813	0.1	0.15	0.1
0.63	1.42069e-20	-2.05123e-20	0.471813	0.1	0.15	0.1
0.64	-6.30534e-21	5.46738e-22	0.471813	0.1	0.15	0.1
0.65	-5.7586e-21	5.31943e-21	0.471813	0.1	0.15	0.1
0.66	-4.39176e-22	1.72511e-21	0.471813	0.1	0.15	0.1
0.67	1.28594e-21	-7.26066e-22	0.471813	0.1	0.15	0.1
0.68	5.59873e-22	-6.85402e-22	0.471813	0.1	0.15	0.1
0.69	-1.25529e-22	-5.83741e-23	0.471813	0.1	0.15	0.1
0.7	-1.83903e-22	1.5092e-22	0.471813	0.1	0.15	0.1
0.71	-3.29839e-23	6.74154e-23	0.471813	0.1	0.15	0.1
0.72	3.44315e-23	-1.41345e-23	0.471813	0.1	0.15	0.1
0.73	2.0297e-23	-2.18009e-23	0.471813	0.1	0.15	0.1
0.74	-1.50393e-24	-4.09669e-24	0.471813	0.1	0.15	0.1
0.75	-5.60062e-24	4.01639e-24	0.471813	0.1	0.15	0.1
0.76	-1.58424e-24	2.42991e-24	0.471813	0.1	0.15	0.1
0.77	8.45673e-25	-1.53629e-25	0.471813	0.1	0.15	0.1
0.78	6.92045e-25	-6.61247e-25	0.471813	0.1	0.15	0.1
0.79	3.07973e-26	-1.93029e-25	0.471813	0.1	0.15	0.1
0.8	-1.62232e-25	9.77515e-26	0.471813	0.1	0.15	0.1
0.81	-6.44806e-26	8.24704e-26	0.471813	0.1	0.15	0.1
0.82	1.79898e-26	4.42675e-27	0.471813	0.1	0.15	0.1
0.83	2.24166e-26	-1.90682e-26	0.471813	0.1	0.15	0.1
0.84	3.34835e-27	-7.78057e-27	0.471813	0.1	0.15	0.1
0.85	-4.43222e-27	2.04386e-27	0.471813	0.1	0.15	0.1
0.86	-2.38836e-27	2.66049e-27	0.471813	0.1	0.15	0.1
0.87	2.72128e-28	4.20208e-28	0.471813	0.1	0.15	0.1
0.88	6.92336e-28	-5.18051e-28	0.471813	0.1	0.15	0.1
0.89	1.74286e-28	-2.8637e-28	0.471813	0.1	0.15	0.1
0.9	-1.12084e-28	2.92833e-29	0.471813	0.1	0.15	0.1
0.91	-8.28008e-29	8.18416e-29	0.471813	0.1	0.15	0.1
0.92	-9.59266e-31	2.13237e-29	0.471813	0.1	0.15	0.1
0.93	2.03645e-29	-1.29971e-29	0.471813	0.1	0.15	0.1
0.94	7.36738e-30	-9.87991e-30	0.471813	0.1	0.15	0.1
0.95	-2.51253e-30	-2.08698e-31	0.471813	0.1	0.15	0.1
0.96	-2.72123e-30	2.39693e-30	0.471813	0.1	0.15	0.1
0.97	-3.24298e-31	8.91101e-31	0.471813	0.1	0.15	0.1
0.98	5.66804e-31	-2.87348e-31	0.471813	0.1	0.15	0.1
0.99	2.79456e-31	-3.23347e-31	0.471813	0.1	0.15	0.1


t	x[0]	x[1]	P	theta[0]	theta[1]	theta[2]
0	0.2	-0.1244	0.235532	0.1	0.1	0.15
0.01	0.0756	-0.114524	0.372758	0.1	0.1	0.15
0.02	-0.0389235	0.0141258	0.414166	0.1	0.1	0.15
0.03	-0.0247977	0.0252465	0.449554	0.1	0.1	0.15
0.04	0.000448807	0.00592697	0.455498	0.1	0.1	0.15
0.05	0.00637577	-0.00419242	0.463128	0.1	0.1	0.15
0.06	0.00218336	-0.00302867	0.466862	0.1	0.1	0.15
0.07	-0.000845313	7.96867e-06	0.467707	0.1	0.1	0.15
0.08	-0.000837344	0.000755591	0.468835	0.1	0.1	0.15
0.09	-8.17536e-05	0.000262371	0.46911	0.1	0.1	0.15
0.1	0.000180617	-9.68823e-05	0.469315	0.1	0.1	0.15
0.11	8.3735e-05	-9.95959e-05	0.469445	0.1	0.1	0.15
0.12	-1.58609e-05	-1.06215e-05	0.469464	0.1	0.1	0.15
0.13	-2.64824e-05	2.11792e-05	0.469498	0.1	0.1	0.15
0.14	-5.30314e-06	1.00674e-05	0.469509	0.1	0.1	0.15
0.15	4.7643e-06	-1.77093e-06	0.469515	0.1	0.1	0.15
0.16	2.99337e-06	-3.13678e-06	0.469519	0.1	0.1	0.15
0.17	-1.43405e-07	-6.55129e-07	0.46952	0.1	0.1	0.15
0.18	-7.98534e-07	5.54899e-07	0.46952	0.1	0.1	0.15
0.19	-2.43635e-07	3.57996e-07	0.469521	0.1	0.1	0.15
0.2	1.14361e-07	-1.34259e-08	0.469521	0.1	0.1	0.15
0.21	1.00935e-07	-9.41981e-08	0.469521	0.1	0.1	0.15
0.22	6.73703e-09	-2.96129e-08	0.469521	0.1	0.1	0.15
0.23	-2.28758e-08	1.3185e-08	0.469521	0.1	0.1	0.15
0.24	-9.69079e-09	1.2018e-08	0.469521	0.1	0.1	0.15
0.25	2.32718e-09	9.10033e-10	0.469521	0.1	0.1	0.15
0.26	3.23721e-09	-2.68598e-09	0.469521	0.1	0.1	0.15
0.27	5.51229e-10	-1.1676e-09	0.469521	0.1	0.1	0.15
0.28	-6.16372e-10	2.62835e-10	0.469521	0.1	0.1	0.15
0.29	-3.53538e-10	3.83893e-10	0.469521	0.1	0.1	0.15
0.3	3.03549e-11	6.86537e-11	0.469521	0.1	0.1	0.15
0.31	9.90086e-11	-7.19444e-11	0.469521	0.1	0.1	0.15
0.32	2.70643e-11	-4.2344e-11	0.469521	0.1	0.1	0.15
0.33	-1.52797e-11	3.1657e-12	0.469521	0.1	0.1	0.15
0.34	-1.2114e-11	1.1694e-11	0.469521	0.1	0.1	0.15
0.35	-4.19969e-13	3.30147e-12	0.469521	0.1	0.1	0.15
0.36	2.8815e-12	-1.76798e-12	0.469521	0.1	0.1	0.15
0.37	1.11352e-12	-1.44416e-12	0.469521	0.1	0.1	0.15
0.38	-3.30644e-13	-6.34608e-14	0.469521	0.1	0.1	0.15
0.39	-3.94105e-13	3.38829e-13	0.469521	0.1	0.1	0.15
0.4	-5.52757e-14	1.34455e-13	0.469521	0.1	0.1	0.15
0.41	7.91797e-14	-3.76479e-14	0.469521	0.1	0.1	0.15
0.42	4.15318e-14	-4.67906e-14	0.469521	0.1	0.1	0.15
0.43	-5.25879e-15	-6.96474e-15	0.469521	0.1	0.1	0.15
0.44	-1.22235e-14	9.25999e-15	0.469521	0.1	0.1	0.15
0.45	-2.96354e-15	4.98218e-15	0.469521	0.1	0.1	0.15
0.46	2.01864e-15	-5.71234e-16	0.469521	0.1	0.1	0.15
0.47	1.44741e-15	-1.44548e-15	0.469521	0.1	0.1	0.15
0.48	1.93242e-18	-3.63108e-16	0.469521	0.1	0.1	0.15
0.49	-3.61176e-16	2.34281e-16	0.469521	0.1	0.1	0.15
0.5	-1.26895e-16	1.72776e-16	0.469521	0.1	0.1	0.15
0.51	4.58809e-17	1.90112e-18	0.469521	0.1	0.1	0.15
0.52	4.7782e-17	-4.25285e-17	0.469521	0.1	0.1	0.15
0.53	5.25348e-18	-1.53603e-17	0.469521	0.1	0.1	0.15
0.54	-1.01068e-17	5.25604e-18	0.469521	0.1	0.1	0.15
0.55	-4.85074e-18	5.67968e-18	0.469521	0.1	0.1	0.15
0.56	8.28935e-19	6.73878e-19	0.469521	0.1	0.1	0.15
0.57	1.50281e-18	-1.18406e-18	0.469521	0.1	0.1	0.15
0.58	3.18751e-19	-5.82891e-19	0.469521	0.1	0.1	0.15
0.59	-2.6414e-19	9.20036e-20	0.469521	0.1	0.1	0.15
0.6	-1.72137e-19	1.77924e-19	0.469521	0.1	0.1	0.15
0.61	5.78721e-21	3.92725e-20	0.469521	0.1	0.1	0.15
0.62	4.50597e-20	-3.07356e-20	0.469521	0.1	0.1	0.15
0.63	1.43241e-20	-2.05756e-20	0.469521	0.1	0.1	0.15
0.64	-6.2515e-21	4.82447e-22	0.469521	0.1	0.1	0.15
0.65	-5.76905e-21	5.31276e-21	0.469521	0.1	0.1	0.15
0.66	-4.56293e-22	1.73885e-21	0.469521	0.1	0.1	0.15
0.67	1.28256e-21	-7.19591e-22	0.469521	0.1	0.1	0.15
0.68	5.62969e-22	-6.8657e-22	0.469521	0.1	0.1	0.15
0.69	-1.23601e-22	-6.04018e-23	0.469521	0.1	0.1	0.15
0.7	-1.84003e-22	1.50502e-22	0.469521	0.1	0.1	0.15
0.71	-3.35007e-23	6.77761e-23	0.469521	0.1	0.1	0.15
0.72	3.42754e-23	-1.39038e-23	0.469521	0.1	0.1	0.15
0.73	2.03716e-23	-2.18104e-23	0.469521	0.1	0.1	0.15
0.74	-1.4388e-24	-4.15767e-24	0.469521	0.1	0.1	0.15
0.75	-5.59647e-24	3.99741e-24	0.469521	0.1	0.1	0.15
0.76	-1.59906e-24	2.43851e-24	0.469521	0.1	0.1	0.15
0.77	8.39445e-25	-1.45873e-25	0.469521	0.1	0.1	0.15
0.78	6.93572e-25	-6.60683e-25	0.469521	0.1	0.1	0.15
0.79	3.28889e-26	-1.94771e-25	0.469521	0.1	0.1	0.15
0.8	-1.61882e-25	9.7001e-26	0.469521	0.1	0.1	0.15
0.81	-6.48809e-26	8.2643e-26	0.469521	0.1	0.1	0.15
0.82	1.77622e-26	4.67482e-27	0.469521	0.1	0.1	0.15
0.83	2.2437e-26	-1.90246e-26	0.469521	0.1	0.1	0.15
0.84	3.4124e-27	-7.82731e-27	0.469521	0.1	0.1	0.15
0.85	-4.4149e-27	2.01659e-27	0.469521	0.1	0.1	0.15
0.86	-2.39832e-27	2.66263e-27	0.469521	0.1	0.1	0.15
0.87	2.64315e-28	4.27775e-28	0.469521	0.1	0.1	0.15
0.88	6.92089e-28	-5.15937e-28	0.469521	0.1	0.1	0.15
0.89	1.76153e-28	-2.87522e-28	0.469521	0.1	0.1	0.15
0.9	-1.11369e-28	2.83517e-29	0.469521	0.1	0.1	0.15
0.91	-8.30173e-29	8.18035e-29	0.469521	0.1	0.1	0.15
0.92	-1.21381e-30	2.15433e-29	0.469521	0.1	0.1	0.15
0.93	2.03295e-29	-1.29107e-29	0.469521	0.1	0.1	0.15
0.94	7.41877e-30	-9.90457e-30	0.469521	0.1	0.1	0.15
0.95	-2.4858e-30	-2.38922e-31	0.469521	0.1	0.1	0.15
0.96	-2.72472e-30	2.39252e-30	0.469521	0.1	0.1	0.15
0.97	-3.32203e-31	8.97113e-31	0.469521	0.1	0.1	0.15
0.98	5.6491e-31	-2.84141e-31	0.469521	0.1	0.1	0.15
0.99	2.80769e-31	-3.23727e-31	0.469521	0.1	0.1	0.15
